 -0.0000000e+000
 -0.0000000e+000
 -0.0000000e+000
 -0.0000000e+000
 -0.0000000e+000
 -0.0000000e+000
 -0.0000000e+000
 -0.0000000e+000
 -0.0000000e+000
 -0.0000000e+000
 -0.0000000e+000
 -0.0000000e+000
 -0.0000000e+000
 -0.0000000e+000
 -0.0000000e+000
 -0.0000000e+000
 -0.0000000e+000
 -0.0000000e+000
 -0.0000000e+000
 -0.0000000e+000
 -0.0000000e+000
 -0.0000000e+000
 -0.0000000e+000
 -0.0000000e+000
 -0.0000000e+000
 -0.0000000e+000
 -0.0000000e+000
 -0.0000000e+000
 -0.0000000e+000
 -0.0000000e+000
 -0.0000000e+000
 -0.0000000e+000
 -0.0000000e+000
 -0.0000000e+000
 -0.0000000e+000
 -0.0000000e+000
 -0.0000000e+000
 -0.0000000e+000
 -0.0000000e+000
 -0.0000000e+000
 -0.0000000e+000
 -0.0000000e+000
 -0.0000000e+000
 -0.0000000e+000
 -0.0000000e+000
 -0.0000000e+000
 -0.0000000e+000
  0.0000000e+000
 -0.0000000e+000
 -0.0000000e+000
 -0.0000000e+000
 -0.0000000e+000
  2.6836938e-001
  2.1210247e-001
  1.6878926e-001
  1.3753331e-001
  1.1515073e-001
  9.8627101e-002
  8.6048964e-002
  7.6208142e-002
  6.8326320e-002
  6.1886770e-002
  5.6536006e-002
  5.2025424e-002
  4.8175774e-002
  4.4854923e-002
  4.1963529e-002
  3.9425592e-002
  3.7182054e-002
  3.5186376e-002
  3.3401428e-002
  3.1797246e-002
  3.0349407e-002
  2.9037815e-002
  2.7845801e-002
  2.6759430e-002
  2.5766973e-002
  2.4858497e-002
  2.4025539e-002
  2.3260854e-002
  2.2558208e-002
  2.1912217e-002
  2.1318212e-002
  2.0772133e-002
  2.0270436e-002
  1.9810024e-002
  1.9388183e-002
  1.9002534e-002
  1.8650989e-002
  1.8331716e-002
  1.8043108e-002
  1.7783760e-002
  1.7552447e-002
  1.7348104e-002
  1.7169814e-002
  1.7016794e-002
  1.6888385e-002
  1.6784043e-002
  1.6703330e-002
  1.6645913e-002
  1.6611556e-002
  1.6600119e-002
  1.0000000e+000
  5.2570276e-001
  4.0914984e-001
  3.2480852e-001
  2.6671993e-001
  2.2479808e-001
  1.9352740e-001
  1.6949164e-001
  1.5053743e-001
  1.3526079e-001
  1.2271743e-001
  1.1225361e-001
  1.0340481e-001
  9.5833185e-002
  8.9287851e-002
  8.3579043e-002
  7.8560823e-002
  7.4119289e-002
  7.0164349e-002
  6.6623890e-002
  6.3439562e-002
  6.0563684e-002
  5.7956947e-002
  5.5586681e-002
  5.3425534e-002
  5.1450450e-002
  4.9641876e-002
  4.7983139e-002
  4.6459947e-002
  4.5059996e-002
  4.3772647e-002
  4.2588670e-002
  4.1500030e-002
  4.0499714e-002
  3.9581586e-002
  3.8740270e-002
  3.7971049e-002
  3.7269782e-002
  3.6632833e-002
  3.6057015e-002
  3.5539539e-002
  3.5077971e-002
  3.4670198e-002
  3.4314398e-002
  3.4009016e-002
  3.3752740e-002
  3.3544489e-002
  3.3383396e-002
  3.3268797e-002
  3.3200223e-002
  3.3177396e-002
  1.0000000e+000
  7.5005749e-001
  5.6594288e-001
  4.5742597e-001
  3.8080446e-001
  3.2444907e-001
  2.8157260e-001
  2.4808106e-001
  2.2133040e-001
  1.9955210e-001
  1.8152773e-001
  1.6639611e-001
  1.5353461e-001
  1.4248378e-001
  1.3289829e-001
  1.2451427e-001
  1.1712706e-001
  1.1057575e-001
  1.0473231e-001
  9.9493695e-002
  9.4776158e-002
  9.0510988e-002
  8.6641347e-002
  8.3119851e-002
  7.9906725e-002
  7.6968361e-002
  7.4276202e-002
  7.1805847e-002
  6.9536349e-002
  6.7449646e-002
  6.5530101e-002
  6.3764129e-002
  6.2139894e-002
  6.0647054e-002
  5.9276555e-002
  5.8020453e-002
  5.6871778e-002
  5.5824403e-002
  5.4872950e-002
  5.4012699e-002
  5.3239517e-002
  5.2549798e-002
  5.1940408e-002
  5.1408647e-002
  5.0952206e-002
  5.0569141e-002
  5.0257846e-002
  5.0017034e-002
  4.9845719e-002
  4.9743206e-002
  4.9709080e-002
  1.0000000e+000
  8.2455035e-001
  6.7511407e-001
  5.6073405e-001
  4.7613406e-001
  4.1136604e-001
  3.6067002e-001
  3.2019748e-001
  2.8732148e-001
  2.6020121e-001
  2.3752038e-001
  2.1832019e-001
  2.0189011e-001
  1.8769511e-001
  1.7532630e-001
  1.6446681e-001
  1.5486801e-001
  1.4633246e-001
  1.3870171e-001
  1.3184733e-001
  1.2566426e-001
  1.2006586e-001
  1.1498009e-001
  1.1034668e-001
  1.0611481e-001
  1.0224144e-001
  9.8689859e-002
  9.5428648e-002
  9.2430756e-002
  8.9672815e-002
  8.7134556e-002
  8.4798344e-002
  8.2648788e-002
  8.0672423e-002
  7.8857445e-002
  7.7193491e-002
  7.5671452e-002
  7.4283322e-002
  7.3022061e-002
  7.1881488e-002
  7.0856190e-002
  6.9941437e-002
  6.9133121e-002
  6.8427696e-002
  6.7822133e-002
  6.7313877e-002
  6.6900820e-002
  6.6581270e-002
  6.6353932e-002
  6.6217892e-002
  6.6172605e-002
  1.0000000e+000
  8.6431856e-001
  7.4096977e-001
  6.3691352e-001
  5.5256763e-001
  4.8481169e-001
  4.2991882e-001
  3.8496343e-001
  3.4772207e-001
  3.1652409e-001
  2.9011140e-001
  2.6753023e-001
  2.4805095e-001
  2.3110988e-001
  2.1626697e-001
  2.0317524e-001
  1.9155835e-001
  1.8119412e-001
  1.7190236e-001
  1.6353565e-001
  1.5597248e-001
  1.4911193e-001
  1.4286960e-001
  1.3717449e-001
  1.3196649e-001
  1.2719444e-001
  1.2281459e-001
  1.1878934e-001
  1.1508624e-001
  1.1167717e-001
  1.0853771e-001
  1.0564654e-001
  1.0298504e-001
  1.0053688e-001
  9.8287726e-002
  9.6224976e-002
  9.4337540e-002
  9.2615656e-002
  9.1050735e-002
  8.9635230e-002
  8.8362522e-002
  8.7226826e-002
  8.6223114e-002
  8.5347042e-002
  8.4594899e-002
  8.3963553e-002
  8.3450419e-002
  8.3053421e-002
  8.2770970e-002
  8.2601945e-002
  8.2545677e-002
  1.0000000e+000
  8.8903005e-001
  7.8488423e-001
  6.9221332e-001
  6.1269103e-001
  5.4567732e-001
  4.8946861e-001
  4.4219595e-001
  4.0221297e-001
  3.6815994e-001
  3.3894325e-001
  3.1369193e-001
  2.9171359e-001
  2.7245659e-001
  2.5547939e-001
  2.4042645e-001
  2.2700968e-001
  2.1499402e-001
  2.0418640e-001
  1.9442717e-001
  1.8558350e-001
  1.7754415e-001
  1.7021547e-001
  1.6351814e-001
  1.5738465e-001
  1.5175728e-001
  1.4658643e-001
  1.4182931e-001
  1.3744889e-001
  1.3341295e-001
  1.2969344e-001
  1.2626583e-001
  1.2310861e-001
  1.2020290e-001
  1.1753210e-001
  1.1508159e-001
  1.1283846e-001
  1.1079137e-001
  1.0893030e-001
  1.0724645e-001
  1.0573209e-001
  1.0438046e-001
  1.0318567e-001
  1.0214265e-001
  1.0124705e-001
  1.0049519e-001
  9.9884043e-002
  9.9411180e-002
  9.9074734e-002
  9.8873389e-002
  9.8806360e-002
  1.0000000e+000
  9.0596833e-001
  8.1609953e-001
  7.3356077e-001
  6.6002011e-001
  5.9576391e-001
  5.4017676e-001
  4.9224101e-001
  4.5086396e-001
  4.1503330e-001
  3.8386847e-001
  3.5662669e-001
  3.3269084e-001
  3.1155161e-001
  2.9278954e-001
  2.7605882e-001
  2.6107362e-001
  2.4759681e-001
  2.3543081e-001
  2.2441023e-001
  2.1439595e-001
  2.0527043e-001
  1.9693387e-001
  1.8930115e-001
  1.8229937e-001
  1.7586584e-001
  1.6994642e-001
  1.6449420e-001
  1.5946841e-001
  1.5483347e-001
  1.5055829e-001
  1.4661559e-001
  1.4298142e-001
  1.3963468e-001
  1.3655678e-001
  1.3373131e-001
  1.3114380e-001
  1.2878146e-001
  1.2663301e-001
  1.2468851e-001
  1.2293922e-001
  1.2137751e-001
  1.1999672e-001
  1.1879107e-001
  1.1775566e-001
  1.1688631e-001
  1.1617958e-001
  1.1563270e-001
  1.1524357e-001
  1.1501069e-001
  1.1493316e-001
  1.0000000e+000
  9.1833539e-001
  8.3939742e-001
  7.6540669e-001
  6.9777381e-001
  6.3707399e-001
  5.8322963e-001
  5.3576363e-001
  4.9401659e-001
  4.5728831e-001
  4.2491290e-001
  3.9629141e-001
  3.7090115e-001
  3.4829373e-001
  3.2808805e-001
  3.0996165e-001
  2.9364216e-001
  2.7889937e-001
  2.6553845e-001
  2.5339406e-001
  2.4232548e-001
  2.3221258e-001
  2.2295244e-001
  2.1445658e-001
  2.0664868e-001
  1.9946267e-001
  1.9284123e-001
  1.8673439e-001
  1.8109855e-001
  1.7589551e-001
  1.7109175e-001
  1.6665778e-001
  1.6256762e-001
  1.5879833e-001
  1.5532965e-001
  1.5214365e-001
  1.4922447e-001
  1.4655811e-001
  1.4413216e-001
  1.4193570e-001
  1.3995911e-001
  1.3819395e-001
  1.3663288e-001
  1.3526953e-001
  1.3409844e-001
  1.3311503e-001
  1.3231546e-001
  1.3169669e-001
  1.3125637e-001
  1.3099283e-001
  1.3090510e-001
  1.0000000e+000
  9.2777803e-001
  8.5743980e-001
  7.9059085e-001
  7.2837125e-001
  6.7140295e-001
  6.1985353e-001
  5.7356127e-001
  5.3216627e-001
  4.9521500e-001
  4.6222995e-001
  4.3275010e-001
  4.0635117e-001
  3.8265364e-001
  3.6132385e-001
  3.4207153e-001
  3.2464565e-001
  3.0882980e-001
  2.9443768e-001
  2.8130885e-001
  2.6930500e-001
  2.5830674e-001
  2.4821075e-001
  2.3892744e-001
  2.3037895e-001
  2.2249740e-001
  2.1522351e-001
  2.0850537e-001
  2.0229743e-001
  1.9655960e-001
  1.9125657e-001
  1.8635717e-001
  1.8183383e-001
  1.7766216e-001
  1.7382052e-001
  1.7028976e-001
  1.6705288e-001
  1.6409482e-001
  1.6140226e-001
  1.5896342e-001
  1.5676791e-001
  1.5480663e-001
  1.5307162e-001
  1.5155599e-001
  1.5025383e-001
  1.4916014e-001
  1.4827080e-001
  1.4758247e-001
  1.4709260e-001
  1.4679939e-001
  1.4670178e-001
  1.0000000e+000
  9.3523167e-001
  8.7181993e-001
  8.1095846e-001
  7.5355941e-001
  7.0020382e-001
  6.5115818e-001
  6.0643475e-001
  5.6586755e-001
  5.2918308e-001
  4.9605532e-001
  4.6614350e-001
  4.3911543e-001
  4.1466040e-001
  3.9249532e-001
  3.7236651e-001
  3.5404908e-001
  3.3734508e-001
  3.2208095e-001
  3.0810489e-001
  2.9528427e-001
  2.8350316e-001
  2.7266024e-001
  2.6266681e-001
  2.5344511e-001
  2.4492689e-001
  2.3705214e-001
  2.2976798e-001
  2.2302776e-001
  2.1679025e-001
  2.1101896e-001
  2.0568155e-001
  2.0074931e-001
  1.9619675e-001
  1.9200123e-001
  1.8814262e-001
  1.8460303e-001
  1.8136656e-001
  1.7841911e-001
  1.7574823e-001
  1.7334288e-001
  1.7119339e-001
  1.6929131e-001
  1.6762928e-001
  1.6620102e-001
  1.6500119e-001
  1.6402538e-001
  1.6327002e-001
  1.6273241e-001
  1.6241060e-001
  1.6230346e-001
  1.0000000e+000
  9.4126855e-001
  8.8354705e-001
  8.2774506e-001
  7.7459430e-001
  7.2460859e-001
  6.7808232e-001
  6.3511824e-001
  5.9567066e-001
  5.5959114e-001
  5.2666873e-001
  4.9666106e-001
  4.6931626e-001
  4.4438727e-001
  4.2164026e-001
  4.0085911e-001
  3.8184724e-001
  3.6442772e-001
  3.4844251e-001
  3.3375106e-001
  3.2022883e-001
  3.0776558e-001
  2.9626387e-001
  2.8563757e-001
  2.7581051e-001
  2.6671529e-001
  2.5829224e-001
  2.5048844e-001
  2.4325695e-001
  2.3655607e-001
  2.3034869e-001
  2.2460181e-001
  2.1928603e-001
  2.1437515e-001
  2.0984579e-001
  2.0567714e-001
  2.0185065e-001
  1.9834980e-001
  1.9515990e-001
  1.9226793e-001
  1.8966239e-001
  1.8733313e-001
  1.8527128e-001
  1.8346914e-001
  1.8192009e-001
  1.8061851e-001
  1.7955976e-001
  1.7874011e-001
  1.7815666e-001
  1.7780741e-001
  1.7769112e-001
  1.0000000e+000
  9.4625904e-001
  8.9329070e-001
  8.4180303e-001
  7.9238757e-001
  7.4548845e-001
  7.0139468e-001
  6.6025182e-001
  6.2208597e-001
  5.8683269e-001
  5.5436511e-001
  5.2451795e-001
  4.9710615e-001
  4.7193835e-001
  4.4882601e-001
  4.2758911e-001
  4.0805938e-001
  3.9008193e-001
  3.7351562e-001
  3.5823280e-001
  3.4411865e-001
  3.3107021e-001
  3.1899541e-001
  3.0781201e-001
  2.9744662e-001
  2.8783377e-001
  2.7891505e-001
  2.7063833e-001
  2.6295708e-001
  2.5582972e-001
  2.4921911e-001
  2.4309204e-001
  2.3741881e-001
  2.3217285e-001
  2.2733039e-001
  2.2287018e-001
  2.1877324e-001
  2.1502263e-001
  2.1160325e-001
  2.0850168e-001
  2.0570604e-001
  2.0320584e-001
  2.0099191e-001
  1.9905625e-001
  1.9739199e-001
  1.9599330e-001
  1.9485536e-001
  1.9397426e-001
  1.9334701e-001
  1.9297150e-001
  1.9284647e-001
  1.0000000e+000
  9.5045378e-001
  9.0151220e-001
  8.5373686e-001
  8.0761052e-001
  7.6351377e-001
  7.2171585e-001
  6.8237841e-001
  6.4556846e-001
  6.1127637e-001
  5.7943509e-001
  5.4993788e-001
  5.2265333e-001
  4.9743707e-001
  4.7414044e-001
  4.5261648e-001
  4.3272392e-001
  4.1432955e-001
  3.9730952e-001
  3.8154984e-001
  3.6694638e-001
  3.5340448e-001
  3.4083849e-001
  3.2917107e-001
  3.1833254e-001
  3.0826021e-001
  2.9889772e-001
  2.9019441e-001
  2.8210477e-001
  2.7458793e-001
  2.6760716e-001
  2.6112948e-001
  2.5512525e-001
  2.4956788e-001
  2.4443348e-001
  2.3970062e-001
  2.3535012e-001
  2.3136479e-001
  2.2772929e-001
  2.2442996e-001
  2.2145466e-001
  2.1879269e-001
  2.1643463e-001
  2.1437230e-001
  2.1259864e-001
  2.1110767e-001
  2.0989440e-001
  2.0895484e-001
  2.0828590e-001
  2.0788540e-001
  2.0775205e-001
  1.0000000e+000
  9.5402866e-001
  9.0853968e-001
  8.6398589e-001
  8.2076527e-001
  7.7920334e-001
  7.3954448e-001
  7.0195187e-001
  6.6651412e-001
  6.3325638e-001
  6.0215315e-001
  5.7314118e-001
  5.4613107e-001
  5.2101697e-001
  4.9768426e-001
  4.7601527e-001
  4.5589346e-001
  4.3720616e-001
  4.1984638e-001
  4.0371387e-001
  3.8871554e-001
  3.7476564e-001
  3.6178555e-001
  3.4970355e-001
  3.3845436e-001
  3.2797871e-001
  3.1822291e-001
  3.0913834e-001
  3.0068105e-001
  2.9281131e-001
  2.8549324e-001
  2.7869446e-001
  2.7238575e-001
  2.6654076e-001
  2.6113576e-001
  2.5614939e-001
  2.5156244e-001
  2.4735768e-001
  2.4351968e-001
  2.4003467e-001
  2.3689040e-001
  2.3407602e-001
  2.3158201e-001
  2.2940004e-001
  2.2752295e-001
  2.2594464e-001
  2.2466005e-001
  2.2366510e-001
  2.2295664e-001
  2.2253245e-001
  2.2239120e-001
  1.0000000e+000
  9.5711077e-001
  9.1461280e-001
  8.7287651e-001
  8.3223326e-001
  7.9296198e-001
  7.5528157e-001
  7.1934909e-001
  6.8526295e-001
  6.5306947e-001
  6.2277146e-001
  5.9433738e-001
  5.6771009e-001
  5.4281466e-001
  5.1956485e-001
  4.9786830e-001
  4.7763047e-001
  4.5875753e-001
  4.4115843e-001
  4.2474617e-001
  4.0943869e-001
  3.9515926e-001
  3.8183669e-001
  3.6940524e-001
  3.5780448e-001
  3.4697906e-001
  3.3687842e-001
  3.2745641e-001
  3.1867106e-001
  3.1048417e-001
  3.0286108e-001
  2.9577032e-001
  2.8918338e-001
  2.8307444e-001
  2.7742014e-001
  2.7219938e-001
  2.6739316e-001
  2.6298436e-001
  2.5895759e-001
  2.5529912e-001
  2.5199668e-001
  2.4903940e-001
  2.4641772e-001
  2.4412326e-001
  2.4214881e-001
  2.4048822e-001
  2.3913638e-001
  2.3808917e-001
  2.3734341e-001
  2.3689685e-001
  2.3674814e-001
  1.0000000e+000
  9.5979434e-001
  9.1991067e-001
  8.8065590e-001
  8.4230859e-001
  8.0510860e-001
  7.6925076e-001
  7.3488241e-001
  7.0210455e-001
  6.7097569e-001
  6.4151744e-001
  6.1372100e-001
  5.8755364e-001
  5.6296483e-001
  5.3989159e-001
  5.1826295e-001
  4.9800356e-001
  4.7903650e-001
  4.6128530e-001
  4.4467550e-001
  4.2913563e-001
  4.1459788e-001
  4.0099849e-001
  3.8827792e-001
  3.7638085e-001
  3.6525614e-001
  3.5485666e-001
  3.4513910e-001
  3.3606376e-001
  3.2759431e-001
  3.1969757e-001
  3.1234327e-001
  3.0550384e-001
  2.9915422e-001
  2.9327165e-001
  2.8783548e-001
  2.8282706e-001
  2.7822952e-001
  2.7402770e-001
  2.7020799e-001
  2.6675822e-001
  2.6366760e-001
  2.6092658e-001
  2.5852684e-001
  2.5646115e-001
  2.5472338e-001
  2.5330841e-001
  2.5221210e-001
  2.5143128e-001
  2.5096368e-001
  2.5080797e-001
  1.0000000e+000
  9.6215072e-001
  9.2456979e-001
  8.8751451e-001
  8.5122110e-001
  8.1589684e-001
  7.8171471e-001
  7.4881089e-001
  7.1728478e-001
  6.8720114e-001
  6.5859370e-001
  6.3146968e-001
  6.0581458e-001
  5.8159687e-001
  5.5877235e-001
  5.3728788e-001
  5.1708457e-001
  4.9810031e-001
  4.8027183e-001
  4.6353616e-001
  4.4783182e-001
  4.3309956e-001
  4.1928291e-001
  4.0632849e-001
  3.9418620e-001
  3.8280925e-001
  3.7215418e-001
  3.6218070e-001
  3.5285162e-001
  3.4413272e-001
  3.3599252e-001
  3.2840217e-001
  3.2133526e-001
  3.1476767e-001
  3.0867740e-001
  3.0304445e-001
  2.9785063e-001
  2.9307950e-001
  2.8871619e-001
  2.8474736e-001
  2.8116104e-001
  2.7794657e-001
  2.7509455e-001
  2.7259671e-001
  2.7044591e-001
  2.6863606e-001
  2.6716208e-001
  2.6601986e-001
  2.6520623e-001
  2.6471894e-001
  2.6455666e-001
  1.0000000e+000
  9.6423490e-001
  9.2869603e-001
  8.9360128e-001
  8.5915272e-001
  8.2553037e-001
  7.9288784e-001
  7.6134995e-001
  7.3101212e-001
  7.0194152e-001
  6.7417933e-001
  6.4774383e-001
  6.2263395e-001
  5.9883282e-001
  5.7631121e-001
  5.5503066e-001
  5.3494618e-001
  5.1600851e-001
  4.9816605e-001
  4.8136627e-001
  4.6555688e-001
  4.5068668e-001
  4.3670619e-001
  4.2356804e-001
  4.1122730e-001
  3.9964158e-001
  3.8877114e-001
  3.7857886e-001
  3.6903025e-001
  3.6009329e-001
  3.5173843e-001
  3.4393838e-001
  3.3666806e-001
  3.2990445e-001
  3.2362646e-001
  3.1781484e-001
  3.1245205e-001
  3.0752214e-001
  3.0301068e-001
  2.9890467e-001
  2.9519241e-001
  2.9186350e-001
  2.8890869e-001
  2.8631989e-001
  2.8409006e-001
  2.8221321e-001
  2.8068431e-001
  2.7949933e-001
  2.7865513e-001
  2.7814949e-001
  2.7798109e-001
  1.0000000e+000
  9.6609002e-001
  9.3237268e-001
  8.9903431e-001
  8.6624910e-001
  8.3417425e-001
  8.0294639e-001
  7.7267937e-001
  7.4346347e-001
  7.1536582e-001
  6.8843178e-001
  6.6268712e-001
  6.3814050e-001
  6.1478622e-001
  5.9260689e-001
  5.7157601e-001
  5.5166020e-001
  5.3282125e-001
  5.1501771e-001
  4.9820638e-001
  4.8234334e-001
  4.6738483e-001
  4.5328794e-001
  4.4001106e-001
  4.2751427e-001
  4.1575952e-001
  4.0471079e-001
  3.9433421e-001
  3.8459801e-001
  3.7547255e-001
  3.6693026e-001
  3.5894556e-001
  3.5149481e-001
  3.4455621e-001
  3.3810972e-001
  3.3213695e-001
  3.2662108e-001
  3.2154679e-001
  3.1690017e-001
  3.1266863e-001
  3.0884084e-001
  3.0540670e-001
  3.0235720e-001
  2.9968444e-001
  2.9738157e-001
  2.9544270e-001
  2.9386295e-001
  2.9263832e-001
  2.9176576e-001
  2.9124310e-001
  2.9106902e-001
  1.0000000e+000
  9.6775032e-001
  9.3566621e-001
  9.0390837e-001
  8.7262809e-001
  8.4196339e-001
  8.1203609e-001
  7.8294985e-001
  7.5478926e-001
  7.2761991e-001
  7.0148916e-001
  6.7642759e-001
  6.5245084e-001
  6.2956163e-001
  6.0775187e-001
  5.8700469e-001
  5.6729636e-001
  5.4859798e-001
  5.3087696e-001
  5.1409829e-001
  4.9822555e-001
  4.8322181e-001
  4.6905024e-001
  4.5567465e-001
  4.4305989e-001
  4.3117213e-001
  4.1997902e-001
  4.0944989e-001
  3.9955573e-001
  3.9026931e-001
  3.8156513e-001
  3.7341939e-001
  3.6580999e-001
  3.5871643e-001
  3.5211979e-001
  3.4600265e-001
  3.4034900e-001
  3.3514422e-001
  3.3037499e-001
  3.2602922e-001
  3.2209602e-001
  3.1856561e-001
  3.1542930e-001
  3.1267944e-001
  3.1030938e-001
  3.0831340e-001
  3.0668675e-001
  3.0542554e-001
  3.0452680e-001
  3.0398840e-001
  3.0380908e-001
  1.0000000e+000
  9.6924337e-001
  9.3863025e-001
  9.0830035e-001
  8.7838598e-001
  8.4900897e-001
  8.2027827e-001
  7.9228823e-001
  7.6511768e-001
  7.3882977e-001
  7.1347234e-001
  6.8907893e-001
  6.6567005e-001
  6.4325470e-001
  6.2183200e-001
  6.0139282e-001
  5.8192137e-001
  5.6339657e-001
  5.4579343e-001
  5.2908409e-001
  5.1323884e-001
  4.9822685e-001
  4.8401690e-001
  4.7057784e-001
  4.5787903e-001
  4.4589063e-001
  4.3458386e-001
  4.2393117e-001
  4.1390630e-001
  4.0448442e-001
  3.9564211e-001
  3.8735743e-001
  3.7960984e-001
  3.7238022e-001
  3.6565084e-001
  3.5940530e-001
  3.5362848e-001
  3.4830652e-001
  3.4342675e-001
  3.3897763e-001
  3.3494876e-001
  3.3133076e-001
  3.2811528e-001
  3.2529497e-001
  3.2286341e-001
  3.2081508e-001
  3.1914539e-001
  3.1785059e-001
  3.1692778e-001
  3.1637492e-001
  3.1619076e-001
  1.0000000e+000
  9.7059160e-001
  9.4130857e-001
  9.1227325e-001
  8.8360211e-001
  8.5540329e-001
  8.2777454e-001
  8.0080181e-001
  7.7455833e-001
  7.4910431e-001
  7.2448712e-001
  7.0074189e-001
  6.7789244e-001
  6.5595238e-001
  6.3492639e-001
  6.1481151e-001
  5.9559840e-001
  5.7727258e-001
  5.5981548e-001
  5.4320547e-001
  5.2741872e-001
  5.1242990e-001
  4.9821286e-001
  4.8474108e-001
  4.7198811e-001
  4.5992791e-001
  4.4853508e-001
  4.3778508e-001
  4.2765436e-001
  4.1812042e-001
  4.0916196e-001
  4.0075885e-001
  3.9289218e-001
  3.8554423e-001
  3.7869849e-001
  3.7233965e-001
  3.6645351e-001
  3.6102702e-001
  3.5604821e-001
  3.5150616e-001
  3.4739096e-001
  3.4369370e-001
  3.4040642e-001
  3.3752206e-001
  3.3503449e-001
  3.3293842e-001
  3.3122943e-001
  3.2990391e-001
  3.2895909e-001
  3.2839299e-001
  3.2820442e-001
  1.0000000e+000
  9.7181344e-001
  9.4373719e-001
  9.1587911e-001
  8.8834240e-001
  8.6122352e-001
  8.3461050e-001
  8.0858175e-001
  7.8320520e-001
  7.5853792e-001
  7.3462615e-001
  7.1150568e-001
  6.8920245e-001
  6.6773344e-001
  6.4710756e-001
  6.2732671e-001
  6.0838682e-001
  5.9027886e-001
  5.7298971e-001
  5.5650312e-001
  5.4080039e-001
  5.2586108e-001
  5.1166359e-001
  4.9818563e-001
  4.8540464e-001
  4.7329810e-001
  4.6184381e-001
  4.5102010e-001
  4.4080601e-001
  4.3118135e-001
  4.2212687e-001
  4.1362425e-001
  4.0565619e-001
  3.9820641e-001
  3.9125964e-001
  3.8480166e-001
  3.7881925e-001
  3.7330019e-001
  3.6823325e-001
  3.6360815e-001
  3.5941555e-001
  3.5564699e-001
  3.5229492e-001
  3.4935266e-001
  3.4681435e-001
  3.4467496e-001
  3.4293026e-001
  3.4157681e-001
  3.4061195e-001
  3.4003379e-001
  3.3984120e-001
  1.0000000e+000
  9.7292416e-001
  9.4594602e-001
  9.1916133e-001
  8.9266203e-001
  8.6653460e-001
  8.4085865e-001
  8.1570584e-001
  7.9113915e-001
  7.6721248e-001
  7.4397058e-001
  7.2144919e-001
  6.9967558e-001
  6.7866904e-001
  6.5844169e-001
  6.3899929e-001
  6.2034199e-001
  6.0246526e-001
  5.8536060e-001
  5.6901634e-001
  5.5341825e-001
  5.3855022e-001
  5.2439471e-001
  5.1093325e-001
  4.9814683e-001
  4.8601621e-001
  4.7452218e-001
  4.6364579e-001
  4.5336852e-001
  4.4367243e-001
  4.3454024e-001
  4.2595543e-001
  4.1790227e-001
  4.1036591e-001
  4.0333234e-001
  3.9678843e-001
  3.9072195e-001
  3.8512156e-001
  3.7997677e-001
  3.7527796e-001
  3.7101637e-001
  3.6718406e-001
  3.6377391e-001
  3.6077959e-001
  3.5819556e-001
  3.5601707e-001
  3.5424009e-001
  3.5286137e-001
  3.5187836e-001
  3.5128928e-001
  3.5109304e-001
  1.0000000e+000
  9.7393651e-001
  9.4796012e-001
  9.2215631e-001
  8.9660747e-001
  8.7139152e-001
  8.4658072e-001
  8.2224073e-001
  7.9842999e-001
  7.7519928e-001
  7.5259162e-001
  7.3064230e-001
  7.0937922e-001
  6.8882330e-001
  6.6898905e-001
  6.4988518e-001
  6.3151529e-001
  6.1387853e-001
  5.9697027e-001
  5.8078274e-001
  5.6530561e-001
  5.5052653e-001
  5.3643159e-001
  5.2300576e-001
  5.1023326e-001
  4.9809783e-001
  4.8658306e-001
  4.7567254e-001
  4.6535008e-001
  4.5559986e-001
  4.4640651e-001
  4.3775523e-001
  4.2963186e-001
  4.2202292e-001
  4.1491566e-001
  4.0829806e-001
  4.0215887e-001
  3.9648762e-001
  3.9127458e-001
  3.8651083e-001
  3.8218819e-001
  3.7829925e-001
  3.7483732e-001
  3.7179647e-001
  3.6917150e-001
  3.6695791e-001
  3.6515192e-001
  3.6375045e-001
  3.6275110e-001
  3.6215217e-001
  3.6195264e-001
  1.0000000e+000
  9.7486124e-001
  9.4980057e-001
  9.2489479e-001
  9.0021812e-001
  8.7584108e-001
  8.5182953e-001
  8.2824380e-001
  8.0513817e-001
  7.8256046e-001
  7.6055182e-001
  7.3914682e-001
  7.1837354e-001
  6.9825396e-001
  6.7880431e-001
  6.6003562e-001
  6.4195421e-001
  6.2456225e-001
  6.0785836e-001
  5.9183807e-001
  5.7649442e-001
  5.6181832e-001
  5.4779910e-001
  5.3442480e-001
  5.2168254e-001
  5.0955882e-001
  4.9803976e-001
  4.8711135e-001
  4.7675958e-001
  4.6697061e-001
  4.5773091e-001
  4.4902735e-001
  4.4084726e-001
  4.3317851e-001
  4.2600958e-001
  4.1932954e-001
  4.1312812e-001
  4.0739571e-001
  4.0212337e-001
  3.9730285e-001
  3.9292657e-001
  3.8898766e-001
  3.8547988e-001
  3.8239772e-001
  3.7973629e-001
  3.7749139e-001
  3.7565947e-001
  3.7423763e-001
  3.7322364e-001
  3.7261589e-001
  3.7241341e-001
  1.0000000e+000
  9.7570742e-001
  9.5148528e-001
  9.2740291e-001
  9.0352754e-001
  8.7992331e-001
  8.5665045e-001
  8.3376459e-001
  8.1131621e-001
  7.8935032e-001
  7.6790624e-001
  7.4701756e-001
  7.2671226e-001
  7.0701294e-001
  6.8793706e-001
  6.6949741e-001
  6.5170247e-001
  6.3455690e-001
  6.1806199e-001
  6.0221610e-001
  5.8701511e-001
  5.7245284e-001
  5.5852140e-001
  5.4521160e-001
  5.3251316e-001
  5.2041508e-001
  5.0890584e-001
  4.9797359e-001
  4.8760637e-001
  4.7779222e-001
  4.6851934e-001
  4.5977617e-001
  4.5155150e-001
  4.4383450e-001
  4.3661483e-001
  4.2988262e-001
  4.2362858e-001
  4.1784395e-001
  4.1252056e-001
  4.0765084e-001
  4.0322782e-001
  3.9924515e-001
  3.9569707e-001
  3.9257845e-001
  3.8988476e-001
  3.8761210e-001
  3.8575714e-001
  3.8431720e-001
  3.8329016e-001
  3.8267454e-001
  3.8246943e-001
  1.0000000e+000
  9.7648281e-001
  9.5302949e-001
  9.2970299e-001
  9.0656450e-001
  8.8367261e-001
  8.6108266e-001
  8.3884605e-001
  8.1700985e-001
  7.9561646e-001
  7.7470336e-001
  7.5430310e-001
  7.3444332e-001
  7.1514689e-001
  6.9643214e-001
  6.7831320e-001
  6.6080024e-001
  6.4389993e-001
  6.2761578e-001
  6.1194853e-001
  5.9689653e-001
  5.8245606e-001
  5.6862174e-001
  5.5538677e-001
  5.4274325e-001
  5.3068241e-001
  5.1919487e-001
  5.0827081e-001
  4.9790013e-001
  4.8807265e-001
  4.7877817e-001
  4.7000664e-001
  4.6174822e-001
  4.5399334e-001
  4.4673278e-001
  4.3995774e-001
  4.3365983e-001
  4.2783115e-001
  4.2246428e-001
  4.1755233e-001
  4.1308893e-001
  4.0906825e-001
  4.0548500e-001
  4.0233445e-001
  3.9961242e-001
  3.9731530e-001
  3.9544001e-001
  3.9398405e-001
  3.9294547e-001
  3.9232287e-001
  3.9211544e-001
  1.0000000e+000
  9.7719403e-001
  9.5444628e-001
  9.3181419e-001
  9.0935373e-001
  8.8711869e-001
  8.6516005e-001
  8.4352551e-001
  8.2225905e-001
  8.0140063e-001
  7.8098599e-001
  7.6104657e-001
  7.4160950e-001
  7.2269772e-001
  7.0433014e-001
  6.8652182e-001
  6.6928430e-001
  6.5262587e-001
  6.3655188e-001
  6.2106505e-001
  6.0616584e-001
  5.9185269e-001
  5.7812236e-001
  5.6497022e-001
  5.5239044e-001
  5.4037631e-001
  5.2892035e-001
  5.1801460e-001
  5.0765071e-001
  4.9782011e-001
  4.8851412e-001
  4.7972411e-001
  4.7144152e-001
  4.6365798e-001
  4.5636537e-001
  4.4955587e-001
  4.4322201e-001
  4.3735670e-001
  4.3195326e-001
  4.2700546e-001
  4.2250751e-001
  4.1845410e-001
  4.1484042e-001
  4.1166212e-001
  4.0891537e-001
  4.0659685e-001
  4.0470373e-001
  4.0323370e-001
  4.0218497e-001
  4.0155624e-001
  4.0134675e-001
  1.0000000e+000
  9.7784678e-001
  9.5574689e-001
  9.3375303e-001
  9.1191662e-001
  8.9028724e-001
  8.6891208e-001
  8.4783554e-001
  8.2709879e-001
  8.0673958e-001
  7.8679196e-001
  7.6728627e-001
  7.4824904e-001
  7.2970310e-001
  7.1166767e-001
  6.9415855e-001
  6.7718830e-001
  6.6076651e-001
  6.4490004e-001
  6.2959330e-001
  6.1484852e-001
  6.0066601e-001
  5.8704442e-001
  5.7398099e-001
  5.6147177e-001
  5.4951184e-001
  5.3809551e-001
  5.2721647e-001
  5.1686797e-001
  5.0704295e-001
  4.9773414e-001
  4.8893422e-001
  4.8063585e-001
  4.7283179e-001
  4.6551496e-001
  4.5867850e-001
  4.5231578e-001
  4.4642053e-001
  4.4098676e-001
  4.3600889e-001
  4.3148170e-001
  4.2740040e-001
  4.2376061e-001
  4.2055840e-001
  4.1779026e-001
  4.1545317e-001
  4.1354453e-001
  4.1206224e-001
  4.1100463e-001
  4.1037055e-001
  4.1015926e-001
  1.0000000e+000
  9.7844597e-001
  9.5694105e-001
  9.3553380e-001
  9.1427168e-001
  8.9320061e-001
  8.7236444e-001
  8.5180460e-001
  8.3155978e-001
  8.1166566e-001
  7.9215475e-001
  7.7305626e-001
  7.5439609e-001
  7.3619682e-001
  7.1847783e-001
  7.0125541e-001
  6.8454293e-001
  6.6835100e-001
  6.5268774e-001
  6.3755896e-001
  6.2296839e-001
  6.0891795e-001
  5.9540793e-001
  5.8243722e-001
  5.7000354e-001
  5.5810358e-001
  5.4673323e-001
  5.3588770e-001
  5.2556170e-001
  5.1574955e-001
  5.0644529e-001
  4.9764280e-001
  4.8933592e-001
  4.8151844e-001
  4.7418428e-001
  4.6732747e-001
  4.6094222e-001
  4.5502299e-001
  4.4956450e-001
  4.4456177e-001
  4.4001015e-001
  4.3590533e-001
  4.3224338e-001
  4.2902075e-001
  4.2623427e-001
  4.2388118e-001
  4.2195914e-001
  4.2046623e-001
  4.1940094e-001
  4.1876220e-001
  4.1854936e-001
  1.0000000e+000
  9.7899587e-001
  9.5803718e-001
  9.3716889e-001
  9.1643503e-001
  8.9587827e-001
  8.7553953e-001
  8.5545763e-001
  8.3566899e-001
  8.1620744e-001
  7.9710401e-001
  7.7838684e-001
  7.6008115e-001
  7.4220921e-001
  7.2479043e-001
  7.0784143e-001
  6.9137615e-001
  6.7540606e-001
  6.5994028e-001
  6.4498578e-001
  6.3054760e-001
  6.1662901e-001
  6.0323172e-001
  5.9035610e-001
  5.7800131e-001
  5.6616549e-001
  5.5484595e-001
  5.4403927e-001
  5.3374150e-001
  5.2394820e-001
  5.1465462e-001
  5.0585580e-001
  4.9754660e-001
  4.8972183e-001
  4.8237632e-001
  4.7550495e-001
  4.6910272e-001
  4.6316481e-001
  4.5768658e-001
  4.5266365e-001
  4.4809191e-001
  4.4396752e-001
  4.4028697e-001
  4.3704708e-001
  4.3424501e-001
  4.3187828e-001
  4.2994477e-001
  4.2844275e-001
  4.2737085e-001
  4.2672810e-001
  4.2651392e-001
  1.0000000e+000
  9.7950018e-001
  9.5904259e-001
  9.3866908e-001
  9.1842067e-001
  8.9833720e-001
  8.7845699e-001
  8.5881651e-001
  8.3945019e-001
  8.2039013e-001
  8.0166601e-001
  7.8330496e-001
  7.6533149e-001
  7.4776752e-001
  7.3063238e-001
  7.1394288e-001
  6.9771342e-001
  6.8195610e-001
  6.6668088e-001
  6.5189571e-001
  6.3760669e-001
  6.2381830e-001
  6.1053346e-001
  5.9775382e-001
  5.8547982e-001
  5.7371089e-001
  5.6244561e-001
  5.5168181e-001
  5.4141670e-001
  5.3164704e-001
  5.2236917e-001
  5.1357915e-001
  5.0527285e-001
  4.9744599e-001
  4.9009426e-001
  4.8321335e-001
  4.7679898e-001
  4.7084702e-001
  4.6535345e-001
  4.6031446e-001
  4.5572642e-001
  4.5158598e-001
  4.4789002e-001
  4.4463572e-001
  4.4182054e-001
  4.3944229e-001
  4.3749905e-001
  4.3598927e-001
  4.3491174e-001
  4.3426557e-001
  4.3405024e-001
  1.0000000e+000
  9.7996210e-001
  9.5996366e-001
  9.4004379e-001
  9.2024087e-001
  9.0059227e-001
  8.8113400e-001
  8.6190048e-001
  8.4292430e-001
  8.2423603e-001
  8.0586408e-001
  7.8783461e-001
  7.7017147e-001
  7.5289616e-001
  7.3602787e-001
  7.1958352e-001
  7.0357782e-001
  6.8802338e-001
  6.7293083e-001
  6.5830891e-001
  6.4416468e-001
  6.3050358e-001
  6.1732963e-001
  6.0464556e-001
  5.9245296e-001
  5.8075241e-001
  5.6954360e-001
  5.5882547e-001
  5.4859635e-001
  5.3885400e-001
  5.2959580e-001
  5.2081875e-001
  5.1251963e-001
  5.0469502e-001
  4.9734141e-001
  4.9045522e-001
  4.8403289e-001
  4.7807090e-001
  4.7256582e-001
  4.6751438e-001
  4.6291343e-001
  4.5876005e-001
  4.5505151e-001
  4.5178533e-001
  4.4895927e-001
  4.4657138e-001
  4.4461997e-001
  4.4310367e-001
  4.4202137e-001
  4.4137231e-001
  4.4115601e-001
  1.0000000e+000
  9.8038444e-001
  9.6080593e-001
  9.4130118e-001
  9.2190630e-001
  9.0265646e-001
  8.8358565e-001
  8.6472643e-001
  8.4610978e-001
  8.2776484e-001
  8.0971889e-001
  7.9199716e-001
  7.7462284e-001
  7.5761701e-001
  7.4099869e-001
  7.2478481e-001
  7.0899030e-001
  6.9362816e-001
  6.7870955e-001
  6.6424392e-001
  6.5023905e-001
  6.3670127e-001
  6.2363552e-001
  6.1104550e-001
  5.9893377e-001
  5.8730193e-001
  5.7615068e-001
  5.6547996e-001
  5.5528906e-001
  5.4557671e-001
  5.3634118e-001
  5.2758036e-001
  5.1929186e-001
  5.1147305e-001
  5.0412114e-001
  4.9723326e-001
  4.9080649e-001
  4.8483790e-001
  4.7932462e-001
  4.7426387e-001
  4.6965295e-001
  4.6548936e-001
  4.6177073e-001
  4.5849490e-001
  4.5565992e-001
  4.5326408e-001
  4.5130590e-001
  4.4978415e-001
  4.4869788e-001
  4.4804640e-001
  4.4782928e-001
  1.0000000e+000
  9.8076963e-001
  9.6157422e-001
  9.4244841e-001
  9.2342630e-001
  9.0454114e-001
  8.8582515e-001
  8.6730924e-001
  8.4902289e-001
  8.3099401e-001
  8.1324878e-001
  7.9581159e-001
  7.7870500e-001
  7.6194968e-001
  7.4556441e-001
  7.2956608e-001
  7.1396978e-001
  6.9878882e-001
  6.8403478e-001
  6.6971764e-001
  6.5584588e-001
  6.4242653e-001
  6.2946532e-001
  6.1696680e-001
  6.0493441e-001
  5.9337061e-001
  5.8227702e-001
  5.7165445e-001
  5.6150308e-001
  5.5182248e-001
  5.4261175e-001
  5.3386959e-001
  5.2559435e-001
  5.1778413e-001
  5.1043683e-001
  5.0355020e-001
  4.9712192e-001
  4.9114962e-001
  4.8563094e-001
  4.8056355e-001
  4.7594521e-001
  4.7177377e-001
  4.6804721e-001
  4.6476369e-001
  4.6192152e-001
  4.5951921e-001
  4.5755548e-001
  4.5602925e-001
  4.5493970e-001
  4.5428621e-001
  4.5406842e-001
  1.0000000e+000
  9.8111978e-001
  9.6227270e-001
  9.4349165e-001
  9.2480897e-001
  9.0625625e-001
  8.8786408e-001
  8.6966194e-001
  8.5167797e-001
  8.3393892e-001
  8.1647000e-001
  7.9929480e-001
  7.8243528e-001
  7.6591168e-001
  7.4974255e-001
  7.3394473e-001
  7.1853337e-001
  7.0352201e-001
  6.8892258e-001
  6.7474553e-001
  6.6099986e-001
  6.4769324e-001
  6.3483208e-001
  6.2242165e-001
  6.1046615e-001
  5.9896884e-001
  5.8793210e-001
  5.7735756e-001
  5.6724615e-001
  5.5759824e-001
  5.4841365e-001
  5.3969181e-001
  5.3143176e-001
  5.2363225e-001
  5.1629181e-001
  5.0940878e-001
  5.0298137e-001
  4.9700774e-001
  4.9148600e-001
  4.8641424e-001
  4.8179061e-001
  4.7761334e-001
  4.7388073e-001
  4.7059120e-001
  4.6774333e-001
  4.6533584e-001
  4.6336763e-001
  4.6183776e-001
  4.6074553e-001
  4.6009040e-001
  4.5987206e-001
  1.0000000e+000
  9.8143668e-001
  9.6290499e-001
  9.4443627e-001
  9.2606137e-001
  9.0781040e-001
  8.8971256e-001
  8.7179598e-001
  8.5408763e-001
  8.3661318e-001
  8.1939693e-001
  8.0246176e-001
  7.8582905e-001
  7.6951864e-001
  7.5354883e-001
  7.3793636e-001
  7.2269644e-001
  7.0784276e-001
  6.9338754e-001
  6.7934159e-001
  6.6571438e-001
  6.5251410e-001
  6.3974776e-001
  6.2742124e-001
  6.1553943e-001
  6.0410624e-001
  5.9312477e-001
  5.8259733e-001
  5.7252557e-001
  5.6291052e-001
  5.5375269e-001
  5.4505214e-001
  5.3680854e-001
  5.2902125e-001
  5.2168934e-001
  5.1481169e-001
  5.0838704e-001
  5.0241399e-001
  4.9689107e-001
  4.9181680e-001
  4.8718969e-001
  4.8300829e-001
  4.7927120e-001
  4.7597711e-001
  4.7312482e-001
  4.7071326e-001
  4.6874148e-001
  4.6720871e-001
  4.6611433e-001
  4.6545788e-001
  4.6523909e-001
  1.0000000e+000
  9.8172188e-001
  9.6347412e-001
  9.4528682e-001
  9.2718953e-001
  9.0921107e-001
  8.9137937e-001
  8.7372137e-001
  8.5626293e-001
  8.3902875e-001
  8.2204229e-001
  8.0532576e-001
  7.8890000e-001
  7.7278448e-001
  7.5699725e-001
  7.4155495e-001
  7.2647279e-001
  7.1176458e-001
  6.9744277e-001
  6.8351848e-001
  6.7000156e-001
  6.5690066e-001
  6.4422327e-001
  6.3197583e-001
  6.2016378e-001
  6.0879167e-001
  5.9786317e-001
  5.8738123e-001
  5.7734810e-001
  5.6776543e-001
  5.5863432e-001
  5.4995541e-001
  5.4172894e-001
  5.3395478e-001
  5.2663255e-001
  5.1976159e-001
  5.1334109e-001
  5.0737008e-001
  5.0184750e-001
  4.9677222e-001
  4.9214309e-001
  4.8795896e-001
  4.8421870e-001
  4.8092125e-001
  4.7806563e-001
  4.7565094e-001
  4.7367639e-001
  4.7214133e-001
  4.7104525e-001
  4.7038775e-001
  4.7016860e-001
  1.0000000e+000
  9.8197660e-001
  9.6398262e-001
  9.4604711e-001
  9.2819856e-001
  9.1046464e-001
  8.9287212e-001
  8.7544682e-001
  8.5821357e-001
  8.4119615e-001
  8.2441728e-001
  8.0789853e-001
  7.9166024e-001
  7.7572155e-001
  7.6010027e-001
  7.4481292e-001
  7.2987472e-001
  7.1529956e-001
  7.0110006e-001
  6.8728760e-001
  6.7387235e-001
  6.6086334e-001
  6.4826849e-001
  6.3609471e-001
  6.2434794e-001
  6.1303322e-001
  6.0215479e-001
  5.9171611e-001
  5.8172000e-001
  5.7216862e-001
  5.6306362e-001
  5.5440614e-001
  5.4619692e-001
  5.3843633e-001
  5.3112441e-001
  5.2426098e-001
  5.1784561e-001
  5.1187773e-001
  5.0635662e-001
  5.0128150e-001
  4.9665150e-001
  4.9246577e-001
  4.8872342e-001
  4.8542361e-001
  4.8256555e-001
  4.8014851e-001
  4.7817185e-001
  4.7663504e-001
  4.7553763e-001
  4.7487931e-001
  4.7465989e-001
  1.0000000e+000
  9.8220181e-001
  9.6443241e-001
  9.4672017e-001
  9.2909265e-001
  9.1157649e-001
  8.9419732e-001
  8.7697988e-001
  8.5994800e-001
  8.4312463e-001
  8.2653176e-001
  8.1019040e-001
  7.9412047e-001
  7.7834077e-001
  7.6286892e-001
  7.4772132e-001
  7.3291318e-001
  7.1845845e-001
  7.0436990e-001
  6.9065912e-001
  6.7733655e-001
  6.6441152e-001
  6.5189234e-001
  6.3978629e-001
  6.2809976e-001
  6.1683824e-001
  6.0600642e-001
  5.9560824e-001
  5.8564697e-001
  5.7612527e-001
  5.6704524e-001
  5.5840848e-001
  5.5021617e-001
  5.4246910e-001
  5.3516773e-001
  5.2831225e-001
  5.2190261e-001
  5.1593856e-001
  5.1041974e-001
  5.0534563e-001
  5.0071566e-001
  4.9652920e-001
  4.9278561e-001
  4.8948424e-001
  4.8662447e-001
  4.8420573e-001
  4.8222751e-001
  4.8068937e-001
  4.7959096e-001
  4.7893201e-001
  4.7871238e-001
  1.0000000e+000
  9.8239804e-001
  9.6482477e-001
  9.4730818e-001
  9.2987507e-001
  9.1255102e-001
  8.9536050e-001
  8.7832708e-001
  8.6147363e-001
  8.4482227e-001
  8.2839438e-001
  8.1221046e-001
  7.9629007e-001
  7.8065173e-001
  7.6531290e-001
  7.5028987e-001
  7.3559782e-001
  7.2125077e-001
  7.0726160e-001
  6.9364207e-001
  6.8040284e-001
  6.6755352e-001
  6.5510272e-001
  6.4305807e-001
  6.3142631e-001
  6.2021332e-001
  6.0942418e-001
  5.9906324e-001
  5.8913420e-001
  5.7964010e-001
  5.7058345e-001
  5.6196626e-001
  5.5379008e-001
  5.4605608e-001
  5.3876509e-001
  5.3191762e-001
  5.2551395e-001
  5.1955415e-001
  5.1403811e-001
  5.0896561e-001
  5.0433630e-001
  5.0014978e-001
  4.9640559e-001
  4.9310328e-001
  4.9024239e-001
  4.8782247e-001
  4.8584312e-001
  4.8430401e-001
  4.8320485e-001
  4.8254544e-001
  4.8232565e-001
  1.0000000e+000
  9.8256531e-001
  9.6516003e-001
  9.4781224e-001
  9.3054806e-001
  9.1339176e-001
  8.9636634e-001
  8.7949410e-001
  8.6279690e-001
  8.4629615e-001
  8.3001270e-001
  8.1396664e-001
  7.9817725e-001
  7.8266283e-001
  7.6744068e-001
  7.5252705e-001
  7.3793708e-001
  7.2368484e-001
  7.0978330e-001
  6.9624436e-001
  6.8307888e-001
  6.7029669e-001
  6.5790665e-001
  6.4591668e-001
  6.3433383e-001
  6.2316429e-001
  6.1241351e-001
  6.0208616e-001
  5.9218629e-001
  5.8271730e-001
  5.7368205e-001
  5.6508289e-001
  5.5692169e-001
  5.4919997e-001
  5.4191883e-001
  5.3507911e-001
  5.2868137e-001
  5.2272592e-001
  5.1721293e-001
  5.1214237e-001
  5.0751414e-001
  5.0332800e-001
  4.9958370e-001
  4.9628092e-001
  4.9341934e-001
  4.9099864e-001
  4.8901852e-001
  4.8747872e-001
  4.8637902e-001
  4.8571927e-001
  4.8549937e-001
  1.0000000e+000
  9.8270263e-001
  9.6543700e-001
  9.4823203e-001
  9.3111278e-001
  9.1410143e-001
  8.9721888e-001
  8.8048594e-001
  8.6392353e-001
  8.4755250e-001
  8.3139333e-001
  8.1546584e-001
  7.9978911e-001
  7.8438129e-001
  7.6925959e-001
  7.5444019e-001
  7.3993824e-001
  7.2576784e-001
  7.1194205e-001
  6.9847286e-001
  6.8537131e-001
  6.7264740e-001
  6.6031021e-001
  6.4836790e-001
  6.3682776e-001
  6.2569628e-001
  6.1497917e-001
  6.0468140e-001
  5.9480731e-001
  5.8536060e-001
  5.7634442e-001
  5.6776140e-001
  5.5961373e-001
  5.5190315e-001
  5.4463107e-001
  5.3779856e-001
  5.3140642e-001
  5.2545520e-001
  5.1994526e-001
  5.1487679e-001
  5.1024985e-001
  5.0606439e-001
  5.0232028e-001
  4.9901736e-001
  4.9615542e-001
  4.9373424e-001
  4.9175361e-001
  4.9021334e-001
  4.8911327e-001
  4.8845328e-001
  4.8823329e-001
  1.0000000e+000
  9.8280698e-001
  9.6565175e-001
  9.4856505e-001
  9.3156932e-001
  9.1468236e-001
  8.9792191e-001
  8.8130721e-001
  8.6485864e-001
  8.4859679e-001
  8.3254200e-001
  8.1671399e-001
  8.0113173e-001
  7.8581330e-001
  7.7077585e-001
  7.5603554e-001
  7.4160751e-001
  7.2750590e-001
  7.1374383e-001
  7.0033341e-001
  6.8728577e-001
  6.7461109e-001
  6.6231860e-001
  6.5041667e-001
  6.3891279e-001
  6.2781367e-001
  6.1712525e-001
  6.0685276e-001
  5.9700075e-001
  5.8757319e-001
  5.7857347e-001
  5.7000445e-001
  5.6186854e-001
  5.5416774e-001
  5.4690365e-001
  5.4007757e-001
  5.3369048e-001
  5.2774314e-001
  5.2223608e-001
  5.1716965e-001
  5.1254405e-001
  5.0835940e-001
  5.0461567e-001
  5.0131282e-001
  4.9845074e-001
  4.9602930e-001
  4.9404836e-001
  4.9250778e-001
  4.9140746e-001
  4.9074731e-001
  4.9052726e-001
  1.0000000e+000
  9.8287024e-001
  9.6579424e-001
  9.4880585e-001
  9.3191742e-001
  9.1513763e-001
  8.9847947e-001
  8.8196240e-001
  8.6560689e-001
  8.4943382e-001
  8.3346363e-001
  8.1771609e-001
  8.0221020e-001
  7.8696400e-001
  7.7199464e-001
  7.5731826e-001
  7.4295002e-001
  7.2890409e-001
  7.1519364e-001
  7.0183086e-001
  6.8882697e-001
  6.7619228e-001
  6.6393615e-001
  6.5206710e-001
  6.4059280e-001
  6.2952013e-001
  6.1885519e-001
  6.0860342e-001
  5.9876957e-001
  5.8935779e-001
  5.8037165e-001
  5.7181423e-001
  5.6368812e-001
  5.5599549e-001
  5.4873813e-001
  5.4191749e-001
  5.3553473e-001
  5.2959075e-001
  5.2408622e-001
  5.1902162e-001
  5.1439730e-001
  5.1021345e-001
  5.0647017e-001
  5.0316751e-001
  5.0030543e-001
  4.9788386e-001
  4.9590274e-001
  4.9436198e-001
  4.9326150e-001
  4.9260123e-001
  4.9238115e-001
  1.0000000e+000
  9.8286734e-001
  9.6584162e-001
  9.4894507e-001
  9.3216229e-001
  9.1547180e-001
  8.9889651e-001
  8.8245598e-001
  8.6617258e-001
  8.5006774e-001
  8.3416231e-001
  8.1847626e-001
  8.0302864e-001
  7.8783755e-001
  7.7292011e-001
  7.5829251e-001
  7.4396989e-001
  7.2996647e-001
  7.1629545e-001
  7.0296909e-001
  6.8999868e-001
  6.7739461e-001
  6.6516635e-001
  6.5332253e-001
  6.4187094e-001
  6.3081860e-001
  6.2017175e-001
  6.0993596e-001
  6.0011613e-001
  5.9071656e-001
  5.8174097e-001
  5.7319257e-001
  5.6507410e-001
  5.5738786e-001
  5.5013579e-001
  5.4331945e-001
  5.3694013e-001
  5.3099884e-001
  5.2549636e-001
  5.2043329e-001
  5.1581003e-001
  5.1162689e-001
  5.0788405e-001
  5.0458160e-001
  5.0171958e-001
  4.9929798e-001
  4.9731677e-001
  4.9577590e-001
  4.9467532e-001
  4.9401499e-001
  4.9379488e-001
  1.0000000e+000
  9.8271981e-001
  9.6571281e-001
  9.4901763e-001
  9.3230873e-001
  9.1569419e-001
  8.9917815e-001
  8.8279244e-001
  8.6655939e-001
  8.5050195e-001
  8.3464131e-001
  8.1899769e-001
  8.0359024e-001
  7.8843710e-001
  7.7355544e-001
  7.5896143e-001
  7.4467025e-001
  7.3069613e-001
  7.1705230e-001
  7.0375106e-001
  6.9080375e-001
  6.7822083e-001
  6.6601183e-001
  6.5418546e-001
  6.4274960e-001
  6.3171134e-001
  6.2107703e-001
  6.1085233e-001
  6.0104225e-001
  5.9165118e-001
  5.8268294e-001
  5.7414084e-001
  5.6602771e-001
  5.5834596e-001
  5.5109760e-001
  5.4428431e-001
  5.3790743e-001
  5.3196806e-001
  5.2646706e-001
  5.2140508e-001
  5.1678262e-001
  5.1260002e-001
  5.0885751e-001
  5.0555525e-001
  5.0269330e-001
  5.0027171e-001
  4.9829046e-001
  4.9674953e-001
  4.9564889e-001
  4.9498852e-001
  4.9476840e-001
  1.0000000e+000
  9.8153740e-001
  9.6579933e-001
  9.4897428e-001
  9.3239687e-001
  9.1580768e-001
  8.9933148e-001
  8.8297509e-001
  8.6677037e-001
  8.5073897e-001
  8.3490297e-001
  8.1928262e-001
  8.0389718e-001
  7.8876484e-001
  7.7390278e-001
  7.5932718e-001
  7.4505323e-001
  7.3109517e-001
  7.1746625e-001
  7.0417878e-001
  6.9124416e-001
  6.7867283e-001
  6.6647441e-001
  6.5465763e-001
  6.4323040e-001
  6.3219988e-001
  6.2157248e-001
  6.1135389e-001
  6.0154918e-001
  5.9216279e-001
  5.8319861e-001
  5.7465999e-001
  5.6654982e-001
  5.5887055e-001
  5.5162426e-001
  5.4481265e-001
  5.3843713e-001
  5.3249884e-001
  5.2699867e-001
  5.2193732e-001
  5.1731531e-001
  5.1313302e-001
  5.0939071e-001
  5.0608856e-001
  5.0322667e-001
  5.0080509e-001
  4.9882382e-001
  4.9728287e-001
  4.9618221e-001
  4.9552182e-001
  4.9530169e-001
  9.8880911e-001
  9.8422949e-001
  9.6502869e-001
  9.4917453e-001
  9.3235568e-001
  9.1584227e-001
  8.9935409e-001
  8.8300795e-001
  8.6680684e-001
  8.5078035e-001
  8.3494855e-001
  8.1933229e-001
  8.0395069e-001
  7.8882199e-001
  7.7396334e-001
  7.5939095e-001
  7.4512001e-001
  7.3116475e-001
  7.1753843e-001
  7.0425337e-001
  6.9132095e-001
  6.7875166e-001
  6.6655508e-001
  6.5473997e-001
  6.4331426e-001
  6.3228509e-001
  6.2165889e-001
  6.1144137e-001
  6.0163760e-001
  5.9225203e-001
  5.8328855e-001
  5.7475054e-001
  5.6664089e-001
  5.5896206e-001
  5.5171613e-001
  5.4490481e-001
  5.3852954e-001
  5.3259143e-001
  5.2709141e-001
  5.2203016e-001
  5.1740823e-001
  5.1322600e-001
  5.0948373e-001
  5.0618160e-001
  5.0331972e-001
  5.0089814e-001
  4.9891687e-001
  4.9737591e-001
  4.9627525e-001
  4.9561486e-001
  4.9539473e-001
 -1.9036247e-003
 -1.7625146e-003
 -1.7180867e-003
 -1.7151810e-003
 -1.7206713e-003
 -1.7308357e-003
 -1.7444672e-003
 -1.7611615e-003
 -1.7807850e-003
 -1.8033238e-003
 -1.8288279e-003
 -1.8573887e-003
 -1.8891302e-003
 -1.9242048e-003
 -1.9627941e-003
 -2.0051094e-003
 -2.0513951e-003
 -2.1019328e-003
 -2.1570460e-003
 -2.2171074e-003
 -2.2825460e-003
 -2.3538578e-003
 -2.4316176e-003
 -2.5164942e-003
 -2.6092696e-003
 -2.7108628e-003
 -2.8223598e-003
 -2.9450529e-003
 -3.0804904e-003
 -3.2305433e-003
 -3.3974921e-003
 -3.5841454e-003
 -3.7940012e-003
 -4.0314723e-003
 -4.3022077e-003
 -4.6135597e-003
 -4.9752841e-003
 -5.4006210e-003
 -5.9080248e-003
 -6.5240584e-003
 -7.2884971e-003
 -8.2639419e-003
 -9.5555411e-003
 -1.1356102e-002
 -1.4070035e-002
 -1.8702454e-002
 -2.9989647e-002
 -6.5195679e-002
  4.3135738e-002
  8.9456461e-003
  1.6015728e-002
  2.1642037e-002
  1.7280835e-002
  1.4049110e-002
  1.1710371e-002
  9.9942264e-003
  8.6961402e-003
  7.6861142e-003
  6.8807077e-003
  6.2249699e-003
  5.6816067e-003
  5.2245735e-003
  4.8352040e-003
  4.4998075e-003
  4.2081348e-003
  3.9523725e-003
  3.7264674e-003
  3.5256619e-003
  3.3461684e-003
  3.1849360e-003
  3.0394823e-003
  2.9077674e-003
  2.7881015e-003
  2.6790735e-003
  2.5794967e-003
  2.4883670e-003
  2.4048297e-003
  2.3281533e-003
  2.2577093e-003
  2.1929546e-003
  2.1334187e-003
  2.0786927e-003
  2.0284197e-003
  1.9822881e-003
  1.9400247e-003
  1.9013902e-003
  1.8661746e-003
  1.8341938e-003
  1.8052861e-003
  1.7793105e-003
  1.7561437e-003
  1.7356788e-003
  1.7178237e-003
  1.7024998e-003
  1.6896407e-003
  1.6791919e-003
  1.6711095e-003
  1.6653600e-003
  1.6619196e-003
  8.3038719e-004
