1
0.538476119550986
0.297798189994792
0
0
0
0
0
0
0
0
0
0.481076454242248
1
0.777142481227918
0.737736272657467
0.734933743903424
0.747896590013017
0.769515284363619
0.797405134547517
0.831195191206466
0.871820656324303
0.921822819512059
0.963709787840839
0.990707164548479
0.997296058165950
0.997946683373858
0.994087912298792
0.977245295495782
0.951703897637088
0.922145633676349
0.899717016620728
0.882094680341857
0.867910035997154
0.856260954033090
0.846549952864634
0.838364600241483
0.831410142337669
0.825469715685393
0.820379974307065
0.816015563364719
0.812278882651721
0.809093135638769
0.806397491617906
0.804143650627054
0.802293367289404
0.800816648771260
0.799690440198534
0.798897673383920
0.798426595879890
0.798270325527288
0.529115274651694
0.476320443382131
0.308311461367138
0.186790392067764
0.112586175808214
0.0913351319745903
0.0844839260567799
0.0856119242465965
0.0938684699981507
0.112335294268214
0.151979415230122
0.274518239990229
0.474439640871804
0.642571393393356
0.721864795860033
0.716392104329737
0.724950361280450
0.741922863535795
0.764992436634103
0.793063994741469
0.826099140334375
0.865085096943351
0.911468923927877
1
1
1
1
1
1
0.943618642390644
0.916980191660284
0.896098788185579
0.879506568377479
0.865982709949992
0.854777187039118
0.845375497508739
0.837413099375888
0.830623770383802
0.824808364803467
0.819814954174058
0.815525784141969
0.811848456338106
0.808709818045019
0.806051639395511
0.803827503250715
0.802000539228763
0.800541760355324
0.799428841239966
0.798645229088045
0.798179514053360
0.798025009932115
0.420960024257649
0.391184523537905
0.324717953704334
0.251204068696369
0.199705286975312
0.171654526750193
0.162251140206042
0.165018685276750
0.179273172435000
0.208708683758550
0.264852612723610
0.355420491098011
0.468377305762299
0.573553242489974
0.644117226681811
0.683405646105783
0.706986306920881
0.730329362777479
0.755778822393360
0.784027440700550
0.815498507751745
0.850697100459577
0.892078436030418
0.926537494310684
0.950019512315085
0.957702096321567
0.960341241933138
0.958774192776306
0.946789504171129
0.928177814698749
0.905906801784569
0.888472938288572
0.873966474734776
0.861809902901168
0.851535876175291
0.842792566882872
0.835309743457538
0.828878521330365
0.823335975838619
0.818553864370768
0.814430390880465
0.810884187048852
0.807849888933330
0.805274862735957
0.803116764315339
0.801341710795784
0.799922908425225
0.798839626893656
0.798076442803761
0.797622698251278
0.797472137560578
0.376538246769967
0.363508369399614
0.330004414769593
0.290419956415139
0.257096908463632
0.236555135626930
0.229222508889870
0.234127282826551
0.251311057554948
0.283203981550143
0.332845466307955
0.399809329586218
0.476541918312615
0.550164190355840
0.610349468681439
0.654636972237637
0.687947932854896
0.716305212245340
0.743750966355024
0.771838302157128
0.801197355237196
0.831979631440316
0.862169712011242
0.888689529151235
0.907873841048294
0.919353137689322
0.924029037586759
0.922871471091198
0.916162287428497
0.904711624982774
0.891253465172727
0.877940948897158
0.866130267496007
0.855789673782249
0.846790465654426
0.838969005683764
0.832169660168210
0.826255826326662
0.821111730288731
0.816640775031096
0.812762939807739
0.809412166131135
0.806534052113053
0.804083929659005
0.802025306175683
0.800328623281299
0.798970281333924
0.797931884273080
0.797199667629920
0.796764081000788
0.796619503941657
0.365084500141301
0.358437831942688
0.341139460073360
0.319423154387348
0.300068404251377
0.287744734606477
0.284697574872564
0.291730990953413
0.309513132423782
0.338912531215345
0.380215195982010
0.431640904549931
0.488580741953465
0.544789140705136
0.595004478259733
0.637124852615465
0.672159865781078
0.702635244155591
0.730853196724442
0.758240149686316
0.785359978408393
0.811937731293550
0.836898230330507
0.858539543073597
0.875399464090031
0.886749951434723
0.892709956785041
0.893730252662819
0.890435295385829
0.883808143659167
0.875159687561492
0.865849761509403
0.856788194629719
0.848424245225016
0.840871963441589
0.834130491143461
0.828151278546720
0.822869847974298
0.818219853008812
0.814139178429228
0.810572267624411
0.807470688945959
0.804792913695269
0.802503779754918
0.800573869548488
0.798978909314673
0.797699236341277
0.796719351346398
0.796027559410481
0.795615697059913
0.795478941348716
0.369026102946167
0.365609624364776
0.356591937076642
0.345120392231083
0.334943761818008
0.329243190462455
0.330130392467003
0.338826363147808
0.356019615444762
0.381973236697290
0.416218563761910
0.457117554187353
0.501798466307966
0.546784431622643
0.589089430147310
0.627097339712322
0.660713333249288
0.690818039178095
0.718533406856588
0.744704253161470
0.769683738590303
0.793298665700889
0.814914538629568
0.833656491343662
0.848714537984212
0.859618680995195
0.866300955298923
0.869026167521392
0.868306850204909
0.864865565535868
0.859570373001243
0.853277617733608
0.846677537583286
0.840215504811029
0.834130354401829
0.828525966830941
0.823435234420210
0.818854195826217
0.814761005208826
0.811126264985437
0.807918591478770
0.805107536185929
0.802665044531364
0.800566112240791
0.798789010075688
0.797315285885846
0.796129661875175
0.795219893419823
0.794576626487502
0.794193274066424
0.794065922593822
0.380805460428260
0.379111975192399
0.374679727117350
0.369213331304121
0.364903361820478
0.363833525480751
0.367623768382998
0.377342991829570
0.393552438808383
0.416305238482520
0.445049177459635
0.478534671521223
0.514902711962698
0.552037573961274
0.588072909683531
0.621804714618344
0.652809133343815
0.681257476589590
0.707582656724375
0.732176238632830
0.755204659668525
0.776548232170462
0.795842216515809
0.812595198608063
0.826348201517502
0.836808772810912
0.843917608040208
0.847846252141092
0.848962169652315
0.847780955080790
0.844901049741202
0.840920203188414
0.836354134654109
0.831590638914996
0.826886969637685
0.822397055209912
0.818204387846127
0.814348651984003
0.810843307620735
0.807686741841880
0.804869174670831
0.802376879146484
0.800194729394343
0.798307716887222
0.796701834039038
0.795364572934532
0.794285192957894
0.793454852800960
0.792866666138896
0.792515717657121
0.792399061834943
0.396470431974657
0.395751974695440
0.393960542935883
0.392078039138445
0.391428888295084
0.393365765833891
0.399029074766100
0.409218843076413
0.424343438543097
0.444389783245612
0.468895653899488
0.496958717881695
0.527336526709048
0.558653753510381
0.589662361746598
0.619453672149354
0.647539536914520
0.673788954338999
0.698274752111042
0.721108132926394
0.742318309023942
0.761799707141917
0.779324022092751
0.794600876439159
0.807360704341830
0.817430349616983
0.824779144692442
0.829530541244720
0.831946580473820
0.832394445015927
0.831300607021040
0.829098631352728
0.826181674420101
0.822871269228710
0.819407666583227
0.815957301120842
0.812628560838435
0.809488136538460
0.806574387573011
0.803907077008053
0.801494126189378
0.799336180530719
0.797429650190537
0.795768715441700
0.794346639184314
0.793156619662210
0.792192339796088
0.791448317288514
0.790920124443789
0.790604522947038
0.790499542744552
0.413844969768546
0.413692562912377
0.413450127234040
0.413706605892884
0.415281728507716
0.419048748382394
0.425777031035615
0.436021924107177
0.450060077138374
0.467856211656739
0.489056029976668
0.513015400971817
0.538879570552986
0.565709813310304
0.592628560156605
0.618937896582984
0.644174264148430
0.668090183544644
0.690583631335576
0.711610742795932
0.731114073118934
0.748984685736547
0.765061458808365
0.779159801321689
0.791115408307258
0.800827026113071
0.808285931112637
0.813586676459910
0.816919967385340
0.818551636810468
0.818792593962436
0.817965341016359
0.816373446818167
0.814279730187327
0.811895892614074
0.809382475752270
0.806855400485004
0.804395077770863
0.802055318189498
0.799870789630599
0.797862770348489
0.796043396337974
0.794418717967715
0.792990865818138
0.791759570052297
0.790723218639378
0.789879589694138
0.789226354391074
0.788761418085275
0.788483146241436
0.788390506430291
0.431681981508783
0.431859134724643
0.432521340457016
0.434030817115626
0.436901363459260
0.441693599944148
0.448912535217340
0.458925756957461
0.471908636123020
0.487816023397478
0.506380050930185
0.527136397830331
0.549480259994138
0.572745694216175
0.596291779596496
0.619573510140543
0.642179487811323
0.663830871705069
0.684349969992191
0.703615443270336
0.721521630589041
0.737953933467361
0.752784351650060
0.765884292617432
0.777147296316655
0.786512919691240
0.793984454825524
0.799636336257201
0.803610455687596
0.806103067133074
0.807345377804509
0.807581645545382
0.807048751206502
0.805960531588226
0.804498609039611
0.802809557412379
0.801006817924593
0.799175276522192
0.797376724095713
0.795655076377094
0.794040837263552
0.792554679450550
0.791210208762851
0.790016047209250
0.788977377736438
0.788097076726943
0.787376536262599
0.786816254786301
0.786416254771882
0.786176369812168
0.786096430696490
0.449259458407641
0.449624014310018
0.450798623198716
0.453008838267819
0.456577909907558
0.461862659655935
0.469186823387371
0.478783738268621
0.490755290382176
0.505050067076139
0.521461823896524
0.539648452635785
0.559169593684551
0.579537156751152
0.600268819683168
0.620932785931030
0.641174487214308
0.660721903223575
0.679373046370508
0.696973937691887
0.713396514268623
0.728523714362709
0.742245039204612
0.754461887681760
0.765099097649065
0.774117937151723
0.781526206053985
0.787382605764421
0.791794392768195
0.794908962922158
0.796901149723895
0.797958625322303
0.798267878508887
0.798002810665371
0.797317133665871
0.796340740431368
0.795179389386240
0.793916625636433
0.792616858689195
0.791328769949828
0.790088542849877
0.788922673164007
0.787850288909936
0.786885001245239
0.786036347181390
0.785310895018867
0.784713079230437
0.784245821613650
0.783910984241351
0.783709689003801
0.783642529026820
0.466166056658986
0.466630665512018
0.468074854012339
0.470639321190250
0.474526476801785
0.479960202825643
0.487142365704374
0.496213728525448
0.507224769851779
0.520119602857470
0.534734339170482
0.550809657274326
0.568015498305745
0.585983632468757
0.604341976060186
0.622744022301005
0.640888204641204
0.658525111960710
0.675454046093291
0.691513087027004
0.706567763924103
0.720502603816542
0.733217877981328
0.744631652059707
0.754685493975222
0.763351301698777
0.770636727003317
0.776587366039677
0.781284907479876
0.784841440861555
0.787390911918562
0.789079166283610
0.790054121587077
0.790457375872626
0.790418083854170
0.790049360463217
0.789446971704856
0.788689764994883
0.787841201773791
0.786951430163629
0.786059488385768
0.785195388044587
0.784381951644938
0.783636361758063
0.782971426759053
0.782396590997264
0.781918725256814
0.781542733181062
0.781272005178756
0.781108745583192
0.781054192719748
0.482179538006736
0.482690048606718
0.484252730894992
0.486954590118176
0.490920546320612
0.496287746128289
0.503177094699221
0.511666932144465
0.521772813765576
0.533435985794339
0.546521732922741
0.560827390906535
0.576098426672248
0.592049676052608
0.608387912540396
0.624831802753374
0.641126189584376
0.657049334161249
0.672413684397174
0.687062263914225
0.700863439556220
0.713706550755615
0.725499930479129
0.736171645490553
0.745672244015987
0.753978186054204
0.761094521686711
0.767055691577041
0.771923875983868
0.775784923922096
0.778742402173793
0.780910624139089
0.782407616895275
0.783348875009456
0.783842486794902
0.783985887930552
0.783864189937776
0.783549814858382
0.783103067972390
0.782573281925586
0.782000229762602
0.781415591226032
0.780844338413539
0.780305970398106
0.779815569512303
0.779384677961194
0.779022007058051
0.778733996993987
0.778525245875445
0.778398824937565
0.778356493682052
0.497194314813954
0.497717252171737
0.499304976782982
0.502010138765716
0.505907676176734
0.511078218558308
0.517589387939634
0.525478175767610
0.534737120902076
0.545306194281426
0.557071312603165
0.569869380494190
0.583498779809383
0.597733398066438
0.612337784497707
0.627081008123089
0.641747324279030
0.656142708455347
0.670097403878858
0.683465519686704
0.696123166750447
0.707966560575116
0.718911062962030
0.728891490192140
0.737863412258877
0.745804770398417
0.752717017396320
0.758625113325932
0.763576003700629
0.767635560964135
0.770884288294351
0.773412301006944
0.775314184953100
0.776684286310296
0.777612843808202
0.778183181110697
0.778469985770597
0.778538552669023
0.778444784043741
0.778235713350094
0.777950339952674
0.777620605052445
0.777272388551702
0.776926450632442
0.776599275912803
0.776303801679496
0.776050026513773
0.775845503880817
0.775695729007178
0.775604428241007
0.775573759213137
0.511176800325069
0.511691789311456
0.513247818631988
0.515875445763078
0.519617325437162
0.524517398322531
0.530608573442282
0.537900964454362
0.546372518793262
0.555963382215565
0.566574687254683
0.578071746955839
0.590290966828930
0.603049252498274
0.616154385631961
0.629414840315516
0.642647825382353
0.655684885456936
0.668375020502800
0.680585814456428
0.692203364037479
0.703131821021793
0.713293149038212
0.722627356143679
0.731093121148656
0.738668484627381
0.745351175999198
0.751158195501676
0.756124424762010
0.760300243568277
0.763748325308058
0.766539925272413
0.768751041019475
0.770458809971856
0.771738432030107
0.772660791307747
0.773290831305695
0.773686637044902
0.773899110418699
0.773972094110855
0.773942798614204
0.773842405579573
0.773696748319231
0.773526998792245
0.773350315159603
0.773180423167032
0.773028118151208
0.772901683218399
0.772807224228493
0.772748924681708
0.772729224302483
0.524137306849264
0.524632348985473
0.526123495931183
0.528627101344278
0.532165033034585
0.536757591532065
0.542415380459481
0.549131470504269
0.556875087826280
0.565587754394512
0.575182381669120
0.585545345423646
0.596541121563598
0.608018709820070
0.619818873768102
0.631781217966491
0.643750302875393
0.655580315587025
0.667138182694678
0.678305333806424
0.688978524294033
0.699070171708887
0.708508568808143
0.717238160893910
0.725219883847469
0.732431410827373
0.738867085142741
0.744537330773740
0.749467412912835
0.753695537348854
0.757270395255341
0.760248350754151
0.762690515587880
0.764659954299160
0.766219221766631
0.767428367666264
0.768343467003786
0.769015667872543
0.769490697275131
0.769808736983309
0.770004572248994
0.770107921635684
0.770143870261650
0.770133346048114
0.770093595452415
0.770038629592280
0.769979622874677
0.769925254283189
0.769881986807860
0.769854283707788
0.769844761945721
0.536112146756941
0.536580615559124
0.537988818518756
0.540344029335312
0.543654844102158
0.547926528440096
0.553155649018222
0.559324867962024
0.566398722078237
0.574321022208012
0.583014233110938
0.592380881789766
0.602306744216292
0.612665324975971
0.623323009077436
0.634144249859098
0.644996256822073
0.655752831613647
0.666297219348314
0.676524040785848
0.686340504331817
0.695667144203590
0.704438297936030
0.712602449519038
0.720122460710051
0.726975626909662
0.733153448233820
0.738661008269079
0.743515895368562
0.747746667710486
0.751390933905263
0.754493178175223
0.757102491509556
0.759270373701207
0.761048748806567
0.762488296350146
0.763637152759427
0.764539991723570
0.765237455449137
0.765765884598029
0.766157283151425
0.766439453318870
0.766636241591529
0.766767846807949
0.766851152000289
0.766900052051810
0.766925757881205
0.766937064652290
0.766940576451380
0.766940883239627
0.766940688005037
0.547152176781156
0.547590880667957
0.548907749982262
0.551104326344460
0.554180865424814
0.558133277361655
0.562949586587789
0.568606489298397
0.575066557923516
0.582276526508884
0.590166914152609
0.598653038740954
0.607637275440976
0.617012255975354
0.626664609945941
0.636478830308457
0.646340898108887
0.656141408257588
0.665778069215220
0.675157572826084
0.684196919770212
0.692824327259456
0.700979839520139
0.708615721575076
0.715696662861490
0.722199769246392
0.728114294407959
0.733441060293614
0.738191539019360
0.742386606620528
0.746055021253145
0.749231714124372
0.751956003012081
0.754269842422375
0.756216212205399
0.757837722041358
0.759175478551734
0.760268230866020
0.761151784010773
0.761858650263726
0.762417897401731
0.762855148761054
0.763192691498890
0.763449654400021
0.763642223210690
0.763783868439036
0.763885566963889
0.763956004192468
0.764001747763653
0.764027386964162
0.764035634271419
0.557315476478404
0.557723399279872
0.558946661987138
0.560983268165478
0.563828373239758
0.567472276409596
0.571898095670808
0.577079508541512
0.582978926605072
0.589546400185990
0.596719435806694
0.604423774869638
0.612575050540719
0.621081132419116
0.629844901186382
0.638767175765713
0.647749541702125
0.656696890542394
0.665519558708049
0.674135031639834
0.682469238809374
0.690457498305695
0.698045175198795
0.705188102163433
0.711852784691633
0.718016388076635
0.723666488079885
0.728800566154582
0.733425242815668
0.737555264922358
0.741212287969386
0.744423516597544
0.747220280572778
0.749636626993599
0.751708002577814
0.753470084750121
0.754957800329653
0.756204549593582
0.757241634510282
0.758097875081839
0.758799387906594
0.759369496132316
0.759828739087076
0.760194951892305
0.760483389111436
0.760706870982674
0.760875935310289
0.760998982201341
0.761082402315699
0.761130682092255
0.761146481574223
0.566662706321716
0.567040184414352
0.568171357605988
0.570052129436737
0.572674681302663
0.576026161472663
0.580087170216619
0.584830295478234
0.590218946551659
0.596206688352383
0.602737205587107
0.609744938055986
0.617156340632056
0.624891648191670
0.632866977439831
0.640996579444972
0.649195067989113
0.657379483199873
0.665471097158294
0.673396916825104
0.681090879806335
0.688494764042269
0.695558842038979
0.702242306685314
0.708513484736038
0.714349842188681
0.719737778400996
0.724672205870217
0.729155920348960
0.733198779295725
0.736816722056087
0.740030678885326
0.742865424907173
0.745348437639752
0.747508812611416
0.749376281958495
0.750980367725099
0.752349687150820
0.753511413604276
0.754490885511222
0.755311347446106
0.755993802654755
0.756556954302321
0.757017213054948
0.757388750473060
0.757683580438756
0.757911653914238
0.758080955349915
0.758197591800575
0.758265868161222
0.758288343887086
0.575254213011997
0.575602396847439
0.576645263782266
0.578377556934627
0.580789872475981
0.583867812286465
0.587591010179409
0.591932201694264
0.596856504366534
0.602321047189281
0.608275040526727
0.614660319710158
0.621412336774791
0.628461524494369
0.635734922046094
0.643157935970333
0.650656113460183
0.658156823827311
0.665590772211517
0.672893300312270
0.680005455955153
0.686874832560979
0.693456189662842
0.699711867692503
0.705612007298292
0.711134579091818
0.716265227134152
0.720996930611993
0.725329493415500
0.729268879705637
0.732826423132207
0.736017945940515
0.738862829906921
0.741383082720950
0.743602440827366
0.745545543423236
0.747237203423251
0.748701791171635
0.749962736848782
0.751042148966050
0.751960539725843
0.752736643590232
0.753387313047554
0.753927474959380
0.754370131566451
0.754726391778532
0.755005520373370
0.755214994879026
0.755360562004783
0.755446287400361
0.755474594214792
0.583148276868933
0.583468779190871
0.584428393583386
0.586021312244726
0.588237445045265
0.591061881084705
0.594474276514419
0.598448282687899
0.602951127559336
0.607943445419216
0.613379419151285
0.619207260748400
0.625370016204911
0.631806646160779
0.638453308504816
0.645244756161984
0.652115762715676
0.659002498372199
0.665843795511629
0.672582262485461
0.679165222544670
0.685545469064138
0.691681837373441
0.697539597845116
0.703090675900002
0.708313704246860
0.713193912829520
0.717722863833132
0.721898043063468
0.725722324594873
0.729203331738276
0.732352722841213
0.735185434056921
0.737718912263517
0.739972369554537
0.741966086447022
0.743720784838702
0.745257084670998
0.746595051111152
0.747753832604105
0.748751384876914
0.749604272157362
0.750327534510997
0.750934609150438
0.751437293569269
0.751845739107226
0.752168464785891
0.752412382733370
0.752582828070067
0.752683587643725
0.752716923420635
0.590400105087240
0.590694772387805
0.591576811957905
0.593040255321452
0.595074898856924
0.597665971157239
0.600793762161936
0.604433290863438
0.608554088163858
0.613120160090201
0.618090176306504
0.623417903219791
0.629052874093037
0.634941264437966
0.641026922730247
0.647252496036752
0.653560587831768
0.659894890064875
0.666201241354632
0.672428575464761
0.678529736529061
0.684462147985534
0.690188329901423
0.695676264274993
0.700899610657430
0.705837776093009
0.710475844970657
0.714804376654539
0.718819081985226
0.722520393706840
0.725912950011829
0.729005013973094
0.731807853969940
0.734335110839218
0.736602176232282
0.738625603682705
0.740422569594102
0.742010396296666
0.743406144083690
0.744626274247292
0.745686380973119
0.746600986751309
0.747383393782929
0.748045582648776
0.748598149118143
0.749050270225207
0.749409691440942
0.749682727749457
0.749874272563426
0.749987809586385
0.750025423889351
0.597061309798562
0.597332075436534
0.598142427179010
0.599486480319452
0.601354273384947
0.603731572297608
0.606599659912108
0.609935162778074
0.613709967129874
0.617891268782827
0.622441788208709
0.627320164831601
0.632481526213882
0.637878210926965
0.643460610669089
0.649178088943621
0.654979930736813
0.660816279622223
0.666639024374061
0.672402604941850
0.678064715976720
0.683586893769351
0.688934978725469
0.694079450173346
0.698995633623716
0.703663783102395
0.708069043413498
0.712201299592298
0.716054923548516
0.719628430888132
0.722924063824403
0.725947318527801
0.728706436814368
0.731211882443385
0.733475821378793
0.735511623249081
0.737333398167119
0.738955579400520
0.740392558507046
0.741658375831744
0.742766465990565
0.743729455325659
0.744559006392924
0.745265703325966
0.745858971339538
0.746347023578723
0.746736828861923
0.747034094485741
0.747243259054296
0.747367491184372
0.747408690865205
0.603179698192966
0.603428489729805
0.604172989158984
0.605407543120143
0.607122643576252
0.609304822430507
0.611936546900948
0.614996150707117
0.618457836385315
0.622291779268162
0.626464354709994
0.630938498460589
0.635674197440302
0.640629096300803
0.645759195530398
0.651019610445962
0.656365357567939
0.661752135381364
0.667137069666330
0.672479398496450
0.677741077672790
0.682887292953964
0.687886870409849
0.692712580335290
0.697341333458601
0.701754270894663
0.705936751707587
0.709878244292838
0.713572130165529
0.717015431102731
0.720208472759985
0.723154499624811
0.725859257243979
0.728330557892718
0.730577845175789
0.732611771515164
0.734443800246698
0.736085841352018
0.737549926956821
0.738847929887620
0.739991326007795
0.740990998899986
0.741857083806648
0.742598846602124
0.743224592916642
0.743741602300727
0.744156082426661
0.744473138687924
0.744696755101298
0.744829783075763
0.744873935339254
0.608799260116827
0.609027942647832
0.609712215307729
0.610846739531370
0.612422576503398
0.614427141022591
0.616844165846205
0.619653700213368
0.622832166491051
0.626352495712044
0.630184356725483
0.634294485690542
0.638647113864196
0.643204483233841
0.647927432527746
0.652776031195157
0.657710236396934
0.662690547821433
0.667678636865182
0.672637929828076
0.677534128646587
0.682335656769319
0.687014021661624
0.691544088890431
0.695904265739284
0.700076594909684
0.704046761202536
0.707804016252782
0.711341028459954
0.714653667186977
0.717740731988352
0.720603638936670
0.723246076902931
0.725673646809147
0.727893496373353
0.729913961744673
0.731744225785809
0.733394000759197
0.734873240992935
0.736191888923491
0.737359655890571
0.738385837312726
0.739279160472999
0.740047662120800
0.740698592441476
0.741238341623780
0.741672385217071
0.742005244657399
0.742240459699004
0.742380569965884
0.742427103396789
0.613960277113956
0.614170620436207
0.614799991126179
0.615843406711308
0.617292550746965
0.619135764888047
0.621358057288413
0.623941143318647
0.626863534769251
0.630100691554503
0.633625245792600
0.637407302615429
0.641414815915745
0.645614031256324
0.649969983035218
0.654447029224259
0.659009404832803
0.663621774706552
0.668249767154356
0.672860471866893
0.677422888256020
0.681908313329185
0.686290661224536
0.690546709380419
0.694656268913841
0.698602279131342
0.702370828229617
0.705951104201780
0.709335281762418
0.712518352714580
0.715497908542268
0.718273885038793
0.720848279392239
0.723224850285090
0.725408811207073
0.727406526357166
0.729225217296335
0.730872687015219
0.732357066427742
0.733686586621371
0.734869378603076
0.735913300868501
0.736825793952233
0.737613760220972
0.738283466553309
0.738840467193456
0.739289543940896
0.739634660905725
0.739878931280616
0.740024593917421
0.740072997916927
0.618699502559274
0.618893164033736
0.619472610584124
0.620433229757132
0.621767340133569
0.623464207428305
0.625510080134932
0.627888255455209
0.630579186350747
0.633560639058435
0.636807907536413
0.640294087447951
0.643990407950498
0.647866615267174
0.651891398256169
0.656032843321071
0.660258904228974
0.664537871768042
0.668838828584688
0.673132075793978
0.677389519806258
0.681585010007864
0.685694620261275
0.689696869496168
0.693572878856195
0.697306464907206
0.700884170292376
0.704295234939225
0.707531512475334
0.710587337868709
0.713459353432625
0.716146301171434
0.718648789943822
0.720969046050027
0.723110655602133
0.725078306434999
0.726877536412953
0.728514493860662
0.729995714586120
0.731327918662942
0.732517828884086
0.733572011660918
0.734496740171396
0.735297878789555
0.735980787266005
0.736550242770422
0.737010377734687
0.737364631424627
0.737615713291501
0.737765576383366
0.737815399405281
0.623050379713010
0.623228897353670
0.623763033383469
0.624648541871288
0.625878363500152
0.627442656165352
0.629328846569016
0.631521709966464
0.634003485244202
0.636754031439264
0.639751029780504
0.642970232602618
0.646385757389803
0.649970421108945
0.653696107224693
0.657534155611671
0.661455764154785
0.665432390212608
0.669436140269573
0.673440136905502
0.677418853508533
0.681348408782088
0.685206814895011
0.688974174974931
0.692632827463138
0.696167436582514
0.699565029788625
0.702814984558701
0.705908968204945
0.708840835552315
0.711606490265190
0.714203716307712
0.716631986448826
0.718892254856452
0.720986740664581
0.722918708961677
0.724692254978070
0.726312096399495
0.727783377769361
0.729111489932171
0.730301906479610
0.731360038244104
0.732291106084336
0.733100031550546
0.733791344517650
0.734369106532132
0.734836848425241
0.735197520684998
0.735453455133346
0.735606336601908
0.735657183519927
0.627043276046576
0.627208068161708
0.627701144347468
0.628518610958626
0.629654002305767
0.631098319381174
0.632840089869907
0.634865454150785
0.637158281956915
0.639700323575793
0.642471398011099
0.645449618572457
0.648611654132222
0.651933022036559
0.655388406614439
0.658951995581517
0.662597825511716
0.666300127002679
0.670033660180402
0.673774031708689
0.677497985391894
0.681183659671988
0.684810806713879
0.688360969251896
0.691817612861889
0.695166212774307
0.698394295716381
0.701491438538286
0.704449226514433
0.707261175192560
0.709922620464722
0.712430582131440
0.714783606603639
0.716981594526080
0.719025619012507
0.720917739872772
0.722660818715404
0.724258339166595
0.725714235706797
0.727032733840105
0.728218203528346
0.729275027084205
0.730207482059932
0.731019639114038
0.731715274401455
0.732297795717049
0.732770181424544
0.733134931113463
0.733394026932579
0.733548904634323
0.733600433514940
0.630705719931604
0.630858088848617
0.631314005669246
0.632069908533123
0.633119888058492
0.634455729977928
0.636066978602780
0.637941024145752
0.640063216851248
0.642417010281812
0.644984135041304
0.647744802795041
0.650677938827063
0.653761439725292
0.656972451270014
0.660287660356820
0.663683593907999
0.667136917265651
0.670624724518700
0.674124813559817
0.677615939335093
0.681078039663441
0.684492429085962
0.687841957385715
0.691111130634642
0.694286193827970
0.697355175319294
0.700307894341349
0.703135933862561
0.705832581864749
0.708392744811564
0.710812837592246
0.713090654557617
0.715225226408737
0.717216667656279
0.719066019153476
0.720775089840184
0.722346301350966
0.723782538572486
0.725087008623195
0.726263110108871
0.727314313914505
0.728244056253936
0.729055644233787
0.729752173810660
0.730336459735773
0.730810976888939
0.731177812298757
0.731438627119299
0.731594627874541
0.731646546378049
0.634062630981433
0.634203769202086
0.634626096448815
0.635326358853525
0.636299161623045
0.637537012834743
0.639030387147514
0.640767811314441
0.642735973272424
0.644919856112063
0.647302897433646
0.649867173548520
0.652593606794016
0.655462193012398
0.658452245115625
0.661542647717465
0.664712117135781
0.667939460692364
0.671203829175567
0.674484956564424
0.677763381603766
0.681020646516724
0.684239468988223
0.687403884495831
0.690499357053400
0.693512857426127
0.696432908837715
0.699249601092220
0.701954574849903
0.704540978506986
0.707003400715262
0.709337782024547
0.711541309429176
0.713612297745072
0.715550061739528
0.717354782792057
0.719027373599079
0.720569344071120
0.721982671136059
0.723269674685054
0.724432901407852
0.725475017787705
0.726398713085193
0.727206612752125
0.727901202392956
0.728484762138096
0.728959311112484
0.729326561571348
0.729587882227397
0.729744270301982
0.729796331887760
0.637136538815786
0.637267536501334
0.637659536419853
0.638309567562735
0.639212706512888
0.640362120650926
0.641749130104367
0.643363289549177
0.645192490842268
0.647223087082633
0.649440038091174
0.651827076516626
0.654366892889292
0.657041337037897
0.659831632439982
0.662718599365130
0.665682882148374
0.668705175632443
0.671766445754404
0.674848139416737
0.677932379151310
0.681002138622580
0.684041395683415
0.687035260452117
0.689970076683169
0.692833495521633
0.695614521531190
0.698303531641939
0.700892268353814
0.703373809135605
0.705742514462430
0.707993957323967
0.710124837304116
0.712132882477107
0.714016742388018
0.715775875295478
0.717410432664414
0.718921143624940
0.720309201780830
0.721576156379880
0.722723809471257
0.723754120292346
0.724669117767680
0.725470821679463
0.726161172793324
0.726741972000420
0.727214828370208
0.727581115896327
0.727841938657375
0.727998104099548
0.728050104171886
0.639947787338339
0.640069640399839
0.640434292404519
0.641039029985974
0.641879358253262
0.642949042338891
0.644240166392701
0.645743210606547
0.647447146713150
0.649339552087706
0.651406742108637
0.653633919839561
0.656005341428160
0.658504494937156
0.661114289686547
0.663817252647632
0.666595728029634
0.669432075966541
0.672308866156874
0.675209062430282
0.678116194497266
0.681014513558702
0.683889128981235
0.686726123851906
0.689512647879758
0.692236986784576
0.694888607977125
0.697458182968182
0.699937587525362
0.702319881110309
0.704599267560772
0.706771039321994
0.708831507773439
0.710777922337624
0.712608381099878
0.714321735617394
0.715917492463457
0.717395713851791
0.718756919432772
0.720001991065019
0.721132082060196
0.722148532092004
0.723052788666880
0.723846335785723
0.724530630191820
0.725107045405992
0.725576823598479
0.725941035238520
0.726200546394800
0.726355993529081
0.726407765626107
0.642514723146523
0.642628341471030
0.642968367101324
0.643532319794062
0.644316091839155
0.645313987341465
0.646518777616362
0.647921772933869
0.649512910700483
0.651280859902518
0.653213141260781
0.655296262088100
0.657515864333717
0.659856883782934
0.662303717898720
0.664840399382931
0.667450772229735
0.670118666864290
0.672828070916574
0.675563292273719
0.678309111275374
0.681050919249424
0.683774841009014
0.686467839422726
0.689117800703814
0.691713599618122
0.694245144361801
0.696703401389558
0.699080400964674
0.701369224638817
0.703563976241001
0.705659738252051
0.707652515658179
0.709539169512478
0.711317342487784
0.712985378683144
0.714542239856980
0.715987420113509
0.717320860877426
0.718542867768783
0.719654030749009
0.720655148663274
0.721547159065389
0.722331073989166
0.723007922132064
0.723578697748407
0.724044316413211
0.724405577714748
0.724663134863010
0.724817471159788
0.724868883260138
0.644853867685990
0.644960083203061
0.645277970488645
0.645805259063464
0.646538189216155
0.647471548719967
0.648598724355230
0.649911768242227
0.651401478844253
0.653057496273595
0.654868411231539
0.656821886554596
0.658904789947809
0.661103336091416
0.663403235939948
0.665789850721198
0.668248347910034
0.670763856315619
0.673321617389308
0.675907129935957
0.678506285588119
0.681105492669523
0.683691786416158
0.686252923922440
0.688777462617483
0.691254821533497
0.693675325086920
0.696030229536429
0.698311732695976
0.700512967852757
0.702627983159684
0.704651708031620
0.706579908269719
0.708409131766508
0.710136646706688
0.711760374178554
0.713278817054419
0.714690986893576
0.715996330477649
0.717194657416313
0.718286070071880
0.719270896854604
0.720149629746230
0.720922866725234
0.721591259599983
0.722155467610194
0.722616117035517
0.722973766953828
0.723228881220617
0.723381806692702
0.723432757691851
0.646980073390613
0.647079647801302
0.647377674539059
0.647872070935854
0.648559388593465
0.649434847441806
0.650492383356096
0.651724709190049
0.653123388941473
0.654678924569806
0.656380854737910
0.658217864465004
0.660177904371909
0.662248317894794
0.664415974561491
0.666667407186103
0.668988950660625
0.671366879919772
0.673787544634616
0.676237498253916
0.678703619156027
0.681173221891010
0.683634156771061
0.686074896394067
0.688484608045199
0.690853211299998
0.693171420534642
0.695430772421306
0.697623638836557
0.699743225927709
0.701783560357639
0.703739463975880
0.705606518338806
0.707381020622227
0.709059932536182
0.710640823866629
0.712121812236602
0.713501500606360
0.714778913925664
0.715953436219557
0.717024749240537
0.717992773662960
0.718857613637552
0.719619505371663
0.720278770259828
0.720835772963305
0.721290884729237
0.721644452151200
0.721896771503089
0.722048068726569
0.722098485116553
0.648906664430073
0.649000296500058
0.649280552172920
0.649745516147170
0.650392017265953
0.651215659957350
0.652210868070236
0.653370940871901
0.654688120838983
0.656153672700974
0.657757972989723
0.659490609118045
0.661340486768502
0.663295944135109
0.665344871342166
0.667474833181198
0.669673193172168
0.671927236878903
0.674224292396906
0.676551845986547
0.678897650943848
0.681249827979299
0.683596955604043
0.685928149291946
0.688233128484205
0.690502270817953
0.692726653280093
0.694898080300938
0.697009099098895
0.699053002858445
0.701023822561723
0.702916308493293
0.704725902594553
0.706448702956652
0.708081421808714
0.709621338383482
0.711066248028396
0.712414408881403
0.713664487353172
0.714815503557285
0.715866777713962
0.716817878427739
0.717668573611178
0.718418784700804
0.719068544692494
0.719617960414952
0.720067179364235
0.720416361340663
0.720665655062417
0.720815179876716
0.720865012648606
0.650645562901336
0.650733895272958
0.650998301492202
0.651437014694760
0.652047109483148
0.652824530874072
0.653764134574022
0.654859738296589
0.656104183707757
0.657489408433316
0.659006527388821
0.660645922503906
0.662397339718581
0.664249991940670
0.666192666482757
0.668213835355209
0.670301766689063
0.672444635506471
0.674630632051600
0.676848065943422
0.679085464512044
0.681331663828515
0.683575891127849
0.685807837548599
0.688017720360546
0.690196334115334
0.692335090423607
0.694426046326961
0.696461921485445
0.698436104633797
0.700342649965792
0.702176264281231
0.703932285870715
0.705606656217620
0.707195885664402
0.708697014222517
0.710107568704411
0.711425517325765
0.712649222870851
0.713777395438494
0.714809045696039
0.715743439469081
0.716580054390607
0.717318539229020
0.717958676414092
0.718500348186284
0.718943506710149
0.719288148418089
0.719534292786890
0.719681965696122
0.719731187473483
0.652207401402786
0.652291026915901
0.652541356368387
0.652956753865466
0.653534510762835
0.654270872297577
0.655161074581459
0.656199391642995
0.657379192085358
0.658693004791945
0.660132592962971
0.661689035609685
0.663352815474922
0.665113912197811
0.666961899405509
0.668886044304386
0.670875408264418
0.672918946849756
0.675005607748952
0.677124425101845
0.679264608805631
0.681415627507240
0.683567284148162
0.685709783114984
0.687833788257060
0.689930471254284
0.691991550044924
0.694009317248373
0.695976658733412
0.697887062682742
0.699734619683925
0.701514014531178
0.703220510548671
0.704849927342522
0.706398612954726
0.707863411428985
0.709241626807024
0.710530984557717
0.711729591403145
0.712835894449824
0.713848640463678
0.714766836048256
0.715589709401190
0.716316674237588
0.716947296384209
0.717481263467389
0.717918358042747
0.718258434446834
0.718501399590779
0.718647197863499
0.718695800266585
0.653601622958231
0.653681090492504
0.653918984438805
0.654313783774504
0.654862969909090
0.655563051204060
0.656409596991933
0.657397280770422
0.658519932136419
0.659770596903414
0.661141604717507
0.662624643355178
0.664210838755593
0.665890839717958
0.667654906086495
0.669492999158789
0.671394872992845
0.673350165258827
0.675348486285874
0.677379504993817
0.679433030473424
0.681499088084746
0.683567989077549
0.685630392895819
0.687677361504292
0.689700405262621
0.691691520065891
0.693643215662321
0.695548535244425
0.697401066583235
0.699194945131903
0.700924849661529
0.702585991105653
0.704174095378929
0.705685380999457
0.707116532383378
0.708464669695962
0.709727316137461
0.710902363517118
0.711988036927929
0.712982859281341
0.713885616398460
0.714695323285648
0.715411192150857
0.716032602645083
0.716559074743357
0.716990244613190
0.717325843756689
0.717565681656143
0.717709632101967
0.717757623336025
0.654836569238368
0.654912389103941
0.655139373513613
0.655516101476126
0.656040219861709
0.656708466030442
0.657516699197440
0.658459940211070
0.659532419316702
0.660727631369448
0.662038397846956
0.663456934900465
0.664974926573323
0.666583602215405
0.668273817034605
0.670036134657497
0.671860910524555
0.673738374924531
0.675658714479685
0.677612150929579
0.679589016125547
0.681579822238986
0.683575326301430
0.685566588329025
0.687545022434054
0.689502440486486
0.691431088053975
0.693323672514144
0.695173383393422
0.696973905137754
0.698719422658299
0.700404620116561
0.702024673516041
0.703575237749790
0.705052428814570
0.706452801942756
0.707773326423544
0.709011357886830
0.710164608808347
0.711231117965697
0.712209219534279
0.713097512462604
0.713894830710682
0.714600214875553
0.715212885666905
0.715732219634805
0.716157727492525
0.716489035321174
0.716725868890115
0.716868041278088
0.716915443934504
0.655919557977239
0.655992206889290
0.656209707323476
0.656570724610257
0.657073048377557
0.657713613511636
0.658488529190113
0.659393115669846
0.660421948415691
0.661568909057304
0.662827242561597
0.664189619910732
0.665648205482829
0.667194728248426
0.668820555824006
0.670516770368266
0.672274245270419
0.674083721565271
0.675935883018774
0.677821428860804
0.679731143198707
0.681655960224312
0.683587024426172
0.685515745134829
0.687433844858056
0.689333401001309
0.691206880711692
0.693047168727337
0.694847588254091
0.696601915024065
0.698304384812594
0.699949694798755
0.701532999247712
0.703049900069392
0.704496432866570
0.705869049126294
0.707164595232273
0.708380288983401
0.709513694296534
0.710562694751806
0.711525466608222
0.712400451878173
0.713186332004033
0.713882002630127
0.714486549911087
0.714999228744368
0.715419443261925
0.715746729864691
0.715980743034112
0.716121244108061
0.716168093163777
0.656856950412708
0.656926876090188
0.657136231454789
0.657483755449605
0.657967359425180
0.658584146655506
0.659330439355141
0.660201812889823
0.661193136782788
0.662298622028544
0.663511874136709
0.664825951242621
0.666233426541358
0.667726454230307
0.669296838085578
0.670936101751964
0.672635559797508
0.674386388573762
0.676179695932935
0.678006588883632
0.679858238317574
0.681725940009223
0.683601171176857
0.685475641994714
0.687341341558324
0.689190577925707
0.691016011982176
0.692810685002404
0.694568039906797
0.696281936326805
0.697946659702754
0.699556924735761
0.701107873600323
0.702595069395073
0.704014485365055
0.705362490469629
0.706635831895956
0.707831615129775
0.708947282193949
0.709980588652468
0.710929579954953
0.711792567665791
0.712568106084824
0.713254969724512
0.713852132063420
0.714358745949009
0.714774125975268
0.715097733113564
0.715329161828841
0.715468129868363
0.715514470866685
0.657654209501094
0.657721834932187
0.657924310230725
0.658260436112582
0.658728226062273
0.659324924622018
0.660047032700129
0.660890339602053
0.661849961402820
0.662920385196223
0.664095518675224
0.665368744421427
0.666732978211097
0.668180730583422
0.669704170865739
0.671295192812490
0.672945480991706
0.674646577046186
0.676389944967302
0.678167034547748
0.679969342225209
0.681788468590959
0.683616171913996
0.685444417120653
0.687265419768829
0.689071684662495
0.690856038862773
0.692611658963689
0.694332092610674
0.696011274345313
0.697643535958150
0.699223611620589
0.700746638145206
0.702208150790095
0.703604075076232
0.704930715127158
0.706184739067494
0.707363162031622
0.708463327336976
0.709482886369008
0.710419777708296
0.711272206005857
0.712038621081970
0.712717697688129
0.713308316332509
0.713809545527622
0.714220625775871
0.714540955565092
0.714770079602715
0.714907679474137
0.714953566868580
0.658315949572098
0.658381676989599
0.658578475206294
0.658905195610550
0.659359935461238
0.659940055161508
0.660642202155174
0.661462341159808
0.662395790370744
0.663437263192579
0.664580914980372
0.665820394203317
0.667148897380721
0.668559227085602
0.670043852266978
0.671594970109571
0.673204568630876
0.674864489211290
0.676566488264105
0.678302297278761
0.680063680512462
0.681842489661317
0.683630714911031
0.685420531847211
0.687204343794262
0.688974819247267
0.690724924160623
0.692447948957827
0.694137530226238
0.695787667156324
0.697392732874761
0.698947480902897
0.700447047044859
0.701886947072050
0.703263070621954
0.704571671768841
0.705809356752105
0.706973069364866
0.708060074511855
0.709067940442266
0.709994520151301
0.710837932424723
0.711596542975001
0.712268946086920
0.712853947155878
0.713350546464581
0.713757924504441
0.714075429107389
0.714302564612643
0.714438983251691
0.714484478893576
0.658845978004343
0.658910192613889
0.659102465856165
0.659421689304653
0.659866026650467
0.660432930165855
0.661119163474905
0.661920830355118
0.662833409217521
0.663851792839834
0.664970332857895
0.666182888456475
0.667482878643328
0.668863337441097
0.670316971292436
0.671836217945468
0.673413306070878
0.675040314859424
0.676709232859842
0.678412015342291
0.680140639511128
0.681887156942286
0.683643742683467
0.685402740528357
0.687156704057092
0.688898433122189
0.690621005549875
0.692317803918868
0.693982537369874
0.695609258487341
0.697192375378238
0.698726659149238
0.700207247052133
0.701629641626661
0.702989706219262
0.704283657295334
0.705508053991191
0.706659785370335
0.707736055857352
0.708734369322420
0.709652512280917
0.710488536656920
0.711240742537524
0.711907661317964
0.712488039606387
0.712980824222916
0.713385148591024
0.713700320781031
0.713925813426292
0.714061255692795
0.714106427442787
0.659247329416393
0.659310402919639
0.659499262946580
0.659812831258117
0.660249321447814
0.660806254794001
0.661480482181730
0.662268211826050
0.663165042455011
0.664166001541019
0.665265588103536
0.666457819546023
0.667736281936613
0.669094183096780
0.670524407826315
0.672019574567677
0.673572092799009
0.675174220443708
0.676818120595681
0.678495916883477
0.680199746832866
0.681921812635563
0.683654428790458
0.685390066151515
0.687121391991824
0.688841305774116
0.690542970402449
0.692219838815660
0.693865675868397
0.695474575528339
0.697040973496555
0.698559655430453
0.700025761014007
0.701434784176896
0.702782569812129
0.704065307380235
0.705279521816958
0.706422062180858
0.707490088487497
0.708481057178717
0.709392705669451
0.710223036401539
0.710970300814899
0.711632983622227
0.712209787744876
0.712699620235730
0.713101579480408
0.713414943931698
0.713639162594359
0.713773847438728
0.713818767882286
0.659522292784016
0.659584586737863
0.659771114997864
0.660080819884448
0.660511948976942
0.661062070548031
0.661728094906262
0.662506301383621
0.663392370634231
0.664381421842692
0.665468054377427
0.666646393366926
0.667910138625980
0.669252616316295
0.670666832692174
0.672145529258593
0.673681238656540
0.675266340589785
0.676893117118502
0.678553806668422
0.680240656139089
0.681945970540672
0.683662159644539
0.685381781197263
0.687097580319117
0.688802524784944
0.690489835965433
0.692153015288509
0.693785866161874
0.695382511376710
0.696937406087724
0.698445346534396
0.699901474731331
0.701301279410949
0.702640593548694
0.703915588839001
0.705122767519308
0.706258951959404
0.707321272444820
0.708307153586071
0.709214299781204
0.710040680147824
0.710784513323575
0.711444252511624
0.712018571120971
0.712506349321186
0.712906661798070
0.713218766961609
0.713442097820786
0.713576254701927
0.713620999948595
0.659672431812291
0.659734300864219
0.659919558161901
0.660227157210144
0.660655364076225
0.661201772596756
0.661863325404515
0.662636340515394
0.663516543145772
0.664499102364291
0.665578672120249
0.666749436134686
0.668005156090890
0.669339222519631
0.670744707741977
0.672214420210124
0.673740959574928
0.675316771808495
0.676934203721413
0.678585556237032
0.680263135819310
0.681959303495370
0.683666520968175
0.685377393377299
0.687084708335180
0.688781470940796
0.690460934550646
0.692116627166343
0.693742373377267
0.695332311873764
0.696880908619759
0.698382965841813
0.699833627053525
0.701228378388611
0.702563046562404
0.703833793819325
0.705037110252955
0.706169803905723
0.707228989067113
0.708212073193175
0.709116742866593
0.709940949206263
0.710682893119068
0.711341010765160
0.711913959582211
0.712400605184754
0.712800009422468
0.713111419846705
0.713334260798380
0.713468126292889
0.713512774839388
0.659698598810914
0.659760393849617
0.659945429759290
0.660252661991759
0.660680359832724
0.661226121568997
0.661886895460352
0.662659006256707
0.663538186931695
0.664519615237547
0.665597954624715
0.666767399013709
0.668021720857591
0.669354321892306
0.670758285939833
0.672226433106863
0.673751374710088
0.675325568258937
0.676941371837770
0.678591097252360
0.680267061339388
0.681961634882148
0.683667288629642
0.685376635978469
0.687082471946009
0.688777808137540
0.690455903487496
0.692110290634106
0.693734797865418
0.695323566651409
0.696871064849948
0.698372095742305
0.699821803115520
0.701215672663277
0.702549530023187
0.703819535806191
0.705022178002862
0.706154262171825
0.707212899827500
0.708195495448387
0.709099732523711
0.709923559046114
0.710665172842011
0.711323007109974
0.711895716511851
0.712382164132164
0.712781409589106
0.713092698546148
0.713315453837068
0.713449268379907
0.713493900017064
