  1.0000000e+000
  9.2322432e-001
  4.6392065e-001
 -0.0000000e+000
 -0.0000000e+000
 -0.0000000e+000
 -0.0000000e+000
 -0.0000000e+000
 -0.0000000e+000
 -0.0000000e+000
 -0.0000000e+000
 -0.0000000e+000
  4.6132259e-001
  1.0000000e+000
  9.9856845e-001
  9.9346434e-001
  9.8705244e-001
  9.7753579e-001
  9.6502205e-001
  9.5130139e-001
  9.4105525e-001
  9.3220593e-001
  9.2620976e-001
  9.2159816e-001
  9.1599442e-001
  9.0441228e-001
  8.9457384e-001
  8.6067408e-001
  8.4001201e-001
  8.0897447e-001
  7.7340942e-001
  7.3883578e-001
  7.0103220e-001
  6.6372507e-001
  6.2650415e-001
  5.8720201e-001
  5.5595469e-001
  3.8190097e-001
  3.3669650e-001
  2.9702887e-001
  2.5920292e-001
  2.2205966e-001
  1.8516934e-001
  1.4804017e-001
  1.1011957e-001
  7.1996147e-002
  4.5963981e-001
  4.4787413e-001
  4.3674348e-001
  4.1564805e-001
  3.8976244e-001
  3.5997622e-001
  3.2699208e-001
  2.9174145e-001
  2.5575034e-001
  2.1960039e-001
  1.8025595e-001
  1.4516758e-001
  1.0494178e-001
  6.8867899e-002
  8.8349568e-001
  8.3598904e-001
  7.8849590e-001
  7.4500820e-001
  7.0752019e-001
  6.7327307e-001
  6.3703229e-001
  5.9996430e-001
  5.6460776e-001
  5.3642230e-001
  5.1223161e-001
  4.9178629e-001
  4.7465163e-001
  4.6831805e-001
  1.0000000e+000
  1.0000000e+000
  1.0000000e+000
  1.0000000e+000
  1.0000000e+000
  1.0000000e+000
  2.7788791e-002
  1.4139124e-002
  1.3018713e-002
  4.3942623e-002
  3.7665239e-001
  6.2766098e-001
  3.5648254e-001
  9.7755341e-001
  9.6553399e-001
  9.5039151e-001
  9.3981089e-001
  9.3172729e-001
  8.8023827e-001
  8.6595509e-001
  8.4335867e-001
  8.0619343e-001
  7.7645745e-001
  7.3785647e-001
  7.0097763e-001
  6.6405095e-001
  5.9214623e-001
  5.5585323e-001
  5.2627997e-001
  3.1823344e-001
  2.8097468e-001
  2.4465427e-001
  2.0913664e-001
  1.7419645e-001
  1.3873163e-001
  1.0219276e-001
  5.7783808e-002
  6.4591920e-002
  4.3976221e-001
  4.1932446e-001
  3.9386976e-001
  3.6364998e-001
  3.3275685e-001
  2.9720189e-001
  2.6303522e-001
  2.2761197e-001
  1.9320272e-001
  1.4670008e-001
  1.1700550e-001
  8.2891565e-002
  8.7759058e-001
  8.3176104e-001
  7.8482627e-001
  7.3908324e-001
  7.0740731e-001
  6.7125070e-001
  6.3933642e-001
  5.9716127e-001
  5.6157691e-001
  5.3247811e-001
  5.1174892e-001
  4.8544494e-001
  4.7140222e-001
  4.5990131e-001
  9.8678800e-001
  9.9407406e-001
  9.9285920e-001
  9.6106546e-001
  9.9120356e-001
  9.8362858e-001
  6.8265770e-002
  2.2470261e-002
  4.5600475e-001
  9.3714146e-001
  4.5460634e-001
  4.4664256e-001
  4.0097104e-001
  3.6344956e-001
  3.3414828e-001
  3.0300068e-001
  2.7163821e-001
  2.3740311e-001
  2.0348492e-001
  8.6655902e-001
  8.2706380e-001
  8.1316207e-001
  7.8494767e-001
  6.6925061e-001
  6.2643682e-001
  5.9383613e-001
  9.1371678e-001
  9.0309168e-001
  8.4174552e-001
  7.4211818e-001
  7.1308748e-001
  1.2788350e-001
  4.9464592e-001
  4.2624518e-001
  3.7529824e-001
  3.3339811e-001
  3.0022766e-001
  2.6501070e-001
  2.2983457e-001
  1.9574734e-001
  1.6185255e-001
  1.7235713e-001
  1.3312854e-001
  7.7320951e-001
  7.3959105e-001
  7.0198094e-001
  6.6153268e-001
  6.3115649e-001
  5.9871304e-001
  5.6944382e-001
  5.6495141e-001
  5.2903034e-001
  4.7408185e-001
  9.6499510e-001
  9.5447206e-001
  8.4297913e-001
  9.2916098e-002
  1.0045052e-001
  9.3589723e-001
  9.7411659e-001
  9.5704887e-001
  6.0599360e-002
  4.6431354e-001
  9.2449401e-001
  9.9752977e-001
  4.4944147e-002
  7.4513813e-002
  9.3049829e-001
  8.5640053e-001
  5.2050196e-001
  4.3570295e-001
  3.3334554e-001
  3.1717171e-001
  2.8440709e-001
  2.5147280e-001
  6.0710751e-001
  4.0574557e-001
  4.7252480e-001
  2.1678315e-001
  6.3208214e-001
  4.9552887e-001
  5.5069583e-001
  6.7024876e-001
  7.4793440e-001
  6.9824927e-001
  7.7325952e-001
  8.1386306e-001
  8.9180438e-001
  8.5710599e-001
  1.8262983e-001
  1.5042765e-001
  9.1823778e-001
  8.8044271e-001
  8.9774562e-002
  9.6646898e-001
  4.6258140e-001
  4.7613983e-001
  9.0642066e-001
  9.2718489e-001
  4.4327093e-001
  4.5649354e-001
  9.2043626e-001
  5.1658369e-002
  9.9745594e-001
  9.2393082e-001
  6.2867188e-003
  6.8608046e-003
  1.9640148e-002
  4.6731935e-002
  9.1121905e-003
  9.9108616e-001
  9.0116455e-001
  9.9378103e-001
  5.2940762e-001
  9.4018140e-001
  1.1242475e-001
  8.6969674e-001
  9.2928830e-001
  9.2413507e-001
  5.6927057e-001
