0
0
0
0
0
0
0
0
0
0
0
0
0
0
0
0
0
0
0
0
0
0
0
0
0
0
0
0
0
0
0
0
0
0
0
0
0
0
0
0
0
0
0
0
0
0
0
0
0
0
0
0
0.268369383478833
0.212102469455774
0.168789258048488
0.137533312895063
0.115150727551534
0.0986271011033126
0.0860489638275825
0.0762081420277128
0.0683263197225577
0.0618867696871358
0.0565360061423310
0.0520254238791876
0.0481757744632446
0.0448549226882207
0.0419635289150840
0.0394255921254092
0.0371820536127894
0.0351863761815041
0.0334014279985714
0.0317972463978564
0.0303494067653579
0.0290378149351714
0.0278458008734031
0.0267594299323024
0.0257669734020395
0.0248584971914494
0.0240255391494698
0.0232608536338807
0.0225582076213400
0.0219122166999844
0.0213182122006006
0.0207721328450753
0.0202704358530284
0.0198100236086373
0.0193881828607189
0.0190025340883957
0.0186509891678342
0.0183317158626622
0.0180431079608202
0.0177837601150808
0.0175524466290134
0.0173481035765006
0.0171698137598440
0.0170167941056870
0.0168883851745441
0.0167840425225687
0.0167033297063883
0.0166459127657785
0.0166115560565745
0.0166001193390722
1
0.525702757600643
0.409149840792340
0.324808515726003
0.266719925518759
0.224798076315689
0.193527404579426
0.169491636552258
0.150537426357943
0.135260789761357
0.122717429946309
0.112253611924530
0.103404813701484
0.0958331848019106
0.0892878506351532
0.0835790426903732
0.0785608231815157
0.0741192886035109
0.0701643488103755
0.0666238904267852
0.0634395621720497
0.0605636838200870
0.0579569467976990
0.0555866812248240
0.0534255340972278
0.0514504498609251
0.0496418761344116
0.0479831389847496
0.0464599472512667
0.0450599960642194
0.0437726473213691
0.0425886703923459
0.0415000303460302
0.0404997139685976
0.0395815860558870
0.0387402701308665
0.0379710490019647
0.0372697815457811
0.0366328328438698
0.0360570153829923
0.0355395394819563
0.0350779714658644
0.0346701983927049
0.0343143983645782
0.0340090156392811
0.0337527399072486
0.0335444892215673
0.0333833961708018
0.0332687969703898
0.0332002232220736
0.0331773961552815
1
0.750057487074010
0.565942879986690
0.457425974968716
0.380804464142041
0.324449074502484
0.281572600232859
0.248081056549671
0.221330397739541
0.199552104682859
0.181527727926795
0.166396109722906
0.153534614390085
0.142483784287678
0.132898294370230
0.124514272864483
0.117127056742890
0.110575749897586
0.104732308276018
0.0994936954862393
0.0947761580916674
0.0905109883898330
0.0866413470110614
0.0831198513618537
0.0799067247898735
0.0769683613326008
0.0742762020074953
0.0718058471465633
0.0695363493634600
0.0674496460464508
0.0655301005760033
0.0637641289700082
0.0621398941796962
0.0606470543588894
0.0592765545015368
0.0580204531648207
0.0568717777649711
0.0558244032923292
0.0548729503442222
0.0540126991943170
0.0532395172610098
0.0525497978465523
0.0519404084240974
0.0514086470751886
0.0509522059433223
0.0505691407838359
0.0502578458671821
0.0500170336399687
0.0498457186725708
0.0497432055289622
0.0497090802879596
1
0.824550345770645
0.675114072446284
0.560734045513371
0.476134055624098
0.411366044967129
0.360670024639834
0.320197483756355
0.287321478539141
0.260201205716735
0.237520381475043
0.218320190184614
0.201890108234386
0.187695112263169
0.175326295905008
0.164466811514064
0.154868007876632
0.146332457314952
0.138701708374795
0.131847327293899
0.125664260444325
0.120065856700121
0.114980092081654
0.110346675712419
0.106114809180071
0.102241435549066
0.0986898590417362
0.0954286480099104
0.0924307563794765
0.0896728150250431
0.0871345563907682
0.0847983443978217
0.0826487881560309
0.0806724228478460
0.0788574448154904
0.0771934906698968
0.0756714523779524
0.0742833219361574
0.0730220605237144
0.0718814880346166
0.0708561896821549
0.0699414369996249
0.0691331210650058
0.0684276961832596
0.0678221325892597
0.0673138770039270
0.0669008200988987
0.0665812701112091
0.0663539320071296
0.0662178917300315
0.0661726051862607
1
0.864318558459790
0.740969768198849
0.636913519598646
0.552567629141500
0.484811692158845
0.429918819295336
0.384963425655971
0.347722067398472
0.316524086813518
0.290111401158506
0.267530225594409
0.248050952974780
0.231109876457445
0.216266971485739
0.203175243997251
0.191558348870276
0.181194121811550
0.171902356669871
0.163535650248244
0.155972480760030
0.149111926584566
0.142869600237834
0.137174490655540
0.131966490381466
0.127194443657752
0.122814594001529
0.118789340628974
0.115086235510050
0.111677169305361
0.108537706628776
0.105646540176682
0.102985040104609
0.100536880212695
0.0982877264538212
0.0962249763144179
0.0943375399661640
0.0926156559148623
0.0910507353050437
0.0896352301681671
0.0883625217983032
0.0872268261546486
0.0862231137652269
0.0853470420714483
0.0845948985325276
0.0839635531205682
0.0834504190958218
0.0830534211686770
0.0827709703394240
0.0826019448661935
0.0825456769517520
1
0.889030051160447
0.784884230102268
0.692213322539477
0.612691033223384
0.545677319507037
0.489468610872427
0.442195952805076
0.402212967941121
0.368159937959847
0.338943254319275
0.313691927204601
0.291713589204065
0.272456594655546
0.255479386936869
0.240426450156559
0.227009679232861
0.214994019058342
0.204186397094670
0.194427172162516
0.185583499185844
0.177544153460728
0.170215469805989
0.163518136901654
0.157384650943235
0.151757280451991
0.146586429712923
0.141829314959877
0.137448887416291
0.133412952355463
0.129693444737017
0.126265830642049
0.123108610356386
0.120202904047359
0.117532104920015
0.115081587802850
0.112838463509153
0.110791371204022
0.108930302496691
0.107246452162118
0.105732091342695
0.104380459842401
0.103185674741777
0.102142653063650
0.101247046630880
0.100495187597228
0.0998840434160029
0.0994111802500637
0.0990747340308658
0.0988733885512213
0.0988063601328626
1
0.905968327207702
0.816099525315035
0.733560768338263
0.660020106397920
0.595763908105401
0.540176756861477
0.492241012590271
0.450863961825528
0.415033298480280
0.383868465742077
0.356626691600959
0.332690837042734
0.311551608102043
0.292789535040694
0.276058815599672
0.261073620089111
0.247596814280123
0.235430814418270
0.224410228108444
0.214395950814753
0.205270431347472
0.196933868949338
0.189301150310776
0.182299373929056
0.175865841257644
0.169946419732320
0.164494203013299
0.159468409663627
0.154833473893681
0.150558291688904
0.146615593205222
0.142981418238797
0.139634676223674
0.136556775868874
0.133731312436429
0.131143802953926
0.128781461480553
0.126633008005785
0.124688505732979
0.122939222447283
0.121377512435657
0.119996716053621
0.118791074547559
0.117755658166163
0.116886305947894
0.116179575867966
0.115632704279804
0.115243573801948
0.115010688989594
0.114933159297130
1
0.918335388442081
0.839397422641803
0.765406692088270
0.697773814397979
0.637073992983565
0.583229630599426
0.535763627428616
0.494016592388493
0.457288305010517
0.424912902655377
0.396291408705757
0.370901147933785
0.348293728935118
0.328088045067534
0.309961650872207
0.293642157401539
0.278899374111588
0.265538452834605
0.253394057695873
0.242325480661019
0.232212583896131
0.222952444005973
0.214456581865977
0.206648676084990
0.199462673616181
0.192841225590457
0.186734389256189
0.181098547774708
0.175895508639504
0.171091748873935
0.166657781164362
0.162567619940326
0.158798330331000
0.155329646086636
0.152143645103028
0.149224473246955
0.146558108848416
0.144132161579473
0.141935700542026
0.139959107287763
0.138193950232621
0.136632877537097
0.135269526028204
0.134098444159084
0.133115027354804
0.132315464391028
0.131696693706903
0.131256368773657
0.130992831833478
0.130905095495593
1
0.927778027538616
0.857439804833516
0.790590847370960
0.728371247410699
0.671402952488768
0.619853527606858
0.573561266730458
0.532166270826418
0.495214996215858
0.462229951950102
0.432750103537468
0.406351169183553
0.382653636362647
0.361323852747950
0.342071532879939
0.324645648151216
0.308829803228453
0.294437682489388
0.281308848344698
0.269305003895806
0.258306741184976
0.248210750309708
0.238927444183410
0.230378947154566
0.222497396362306
0.215223508818107
0.208505372667609
0.202297426789389
0.196559598274367
0.191256572157423
0.186357171968014
0.181833833242274
0.177662155149262
0.173820517898158
0.170289755682660
0.167052876650585
0.164094822820042
0.161402264050011
0.158963421155974
0.156767914076937
0.154806631678629
0.153071620343984
0.151555988976499
0.150253828441624
0.149160143809923
0.148270798054750
0.147582466106178
0.147092598379891
0.146799393091457
0.146701776838552
1
0.935231671079765
0.871819933311774
0.810958456194867
0.753559408088780
0.700203815672414
0.651158183150431
0.606434751801187
0.565867550042237
0.529183076993983
0.496055319859738
0.466143502622114
0.439115425389318
0.414660399982217
0.392495321661695
0.372366506222248
0.354049080915123
0.337345079578632
0.322080950345534
0.308104893775716
0.295284265059645
0.283503160548390
0.272660241103132
0.262666805689679
0.253445107253252
0.244926892180735
0.237052140200160
0.229767980671218
0.223027762240642
0.216790254790873
0.211018964928460
0.205681548619868
0.200749306817467
0.196196751947894
0.192001234930344
0.188142623954438
0.184603027591137
0.181366555958002
0.178419114635761
0.175748226860390
0.173342880215431
0.171193394642665
0.169291309092532
0.167629284563626
0.166201021645846
0.165001190995006
0.164025375437239
0.163270022636919
0.162732407469035
0.162410603421502
0.162303462519949
1
0.941268548942222
0.883547054011976
0.827745056522275
0.774594298008963
0.724608591041298
0.678082317583517
0.635118242278949
0.595670656190630
0.559591139300414
0.526668731566466
0.496661056691501
0.469316262798761
0.444387271936285
0.421640259777527
0.400859113384747
0.381847240259787
0.364427723615960
0.348442507623597
0.333751064107828
0.320228828339234
0.307765580280515
0.296263874214108
0.285637572414267
0.275810508884992
0.266715291156062
0.258292237616434
0.250488442128808
0.243256954908595
0.236556067694281
0.230348691333827
0.224601814589032
0.219286033922443
0.214375145100949
0.209845788522251
0.205677141187142
0.201850649173228
0.198349795302999
0.195159897440251
0.192267933498420
0.189662389810336
0.187333130000096
0.185271281923376
0.183469140611378
0.181920085473772
0.180618510294936
0.179559764801961
0.178740106798243
0.178156664048054
0.177807405270036
0.177691119755046
1
0.946259036135338
0.893290696998949
0.841803032910629
0.792387572652266
0.745488450989183
0.701394682184838
0.660251823549842
0.622085973728911
0.586832691829517
0.554365114191831
0.524517951042632
0.497106146061148
0.471938348664873
0.448826011154742
0.427589105213406
0.408059381873446
0.390081931274730
0.373515617056834
0.358232801233544
0.344118649428517
0.331070212279714
0.318995411271379
0.307812010125788
0.297446620771805
0.287833771488349
0.278915050852767
0.270638332253370
0.262957078287282
0.255829721202286
0.249219113862279
0.243092044983536
0.237418812244380
0.232172847076421
0.227330385346395
0.222870178634423
0.218773241344923
0.215022629412759
0.211603246867930
0.208501676985746
0.205706035171514
0.203205841108429
0.200991908036484
0.199056247331797
0.197391986823590
0.195993301523999
0.194855355658072
0.193974255071275
0.193347009263389
0.192971502454032
0.192846473229281
1
0.950453784612741
0.901512204516814
0.853736858339603
0.807610522234185
0.763513771171991
0.721715853036404
0.682378407827522
0.645568455567969
0.611276373286446
0.579435090803468
0.549937879014209
0.522653327213669
0.497437071127258
0.474140439249588
0.452616479884252
0.432723916123157
0.414329545231530
0.397309518413530
0.381549844953950
0.366946379944861
0.353404484288489
0.340838490470607
0.329171066097543
0.318332536881603
0.308260209125833
0.298897716617300
0.290194406435977
0.282104771179800
0.274587930495139
0.267607161857086
0.261129478743041
0.255125253316195
0.249567880223424
0.244433477935332
0.239700624091215
0.235350121474901
0.231364791482715
0.227729292215127
0.224429958605426
0.221454662276964
0.218792689086692
0.216434632561969
0.214372301668132
0.212598641555680
0.211107666129023
0.209894401454956
0.208954839190186
0.208285899355337
0.207885401919951
0.207752046791161
1
0.954028655548322
0.908539683702513
0.863985887886422
0.820765265815049
0.779203338108343
0.739544484355663
0.701951866103852
0.666514124092696
0.633256384124970
0.602153151952207
0.573141180985930
0.546131069862787
0.521016970950517
0.497684255860737
0.476015271140920
0.455893458458019
0.437206155908952
0.419846382743572
0.403713868905126
0.388715541905617
0.374765636563930
0.361785552443290
0.349703550694723
0.338454356121149
0.327978710627633
0.318222909646062
0.309138342508411
0.300681050142823
0.292811308113109
0.285493239316452
0.278694458140846
0.272385746223558
0.266540758894356
0.261135760750752
0.256149388465671
0.251562438777320
0.247357679590186
0.243519682178571
0.240034672597684
0.236890400549873
0.234076024110351
0.231582008877953
0.229400040275915
0.227522947881667
0.225944640811315
0.224660053322904
0.223665099932875
0.222956639462681
0.222532447548306
0.222391197255425
1
0.957110769201700
0.914612802352794
0.872876507161708
0.832233258968711
0.792961982649431
0.755281566635309
0.719349089312455
0.685262948002796
0.653069468515562
0.622771460778613
0.594337378108461
0.567710090154021
0.542814661348231
0.519564852787841
0.497868300397290
0.477630466366480
0.458757532611569
0.441158427323762
0.424746168600158
0.409438687355560
0.395159264632859
0.381836691470157
0.369405235328008
0.357804476745430
0.346979063468417
0.336878416415268
0.327456411969656
0.318671057660402
0.310484172780085
0.302861081473089
0.295770322929216
0.289183381268130
0.283074436273254
0.277420135164205
0.272199384958561
0.267393164573079
0.262984355582233
0.258957590437540
0.255299116917653
0.251996677600315
0.249039403203899
0.246417718725140
0.244123261391528
0.242148809545249
0.240488221676496
0.239136384924543
0.238089172463838
0.237343409288558
0.236896846002392
0.236748140310943
1
0.959794343797454
0.919910668212518
0.880655903311721
0.842308587043935
0.805108599773078
0.769250760495365
0.734882412284290
0.702104552529668
0.670975687058881
0.641517439584672
0.613720995898218
0.587553635651241
0.562964828426786
0.539891587091922
0.518262947086324
0.498003564386081
0.479036500942680
0.461285304763003
0.444675504115032
0.429135631689590
0.414597882432172
0.400998493202553
0.388277916463723
0.376380845483042
0.365256135776748
0.354856656932004
0.345139100393212
0.336063762059062
0.327594313316858
0.319697570158887
0.312343267029257
0.305503839823510
0.299154220831044
0.293271647230475
0.287835483909525
0.282827060797466
0.278229524503669
0.274027703800035
0.270207988330293
0.266758219846915
0.263667595245855
0.260926580674788
0.258526836020834
0.256461149130674
0.254723379173565
0.253308408622056
0.252212103393295
0.251431280763793
0.250963684741287
0.250807968648146
1
0.962150716907812
0.924569793704803
0.887514509262149
0.851221099787152
0.815896835437531
0.781714707167196
0.748810890703629
0.717284783427901
0.687201140931831
0.658593702700004
0.631469682685810
0.605814577522920
0.581596871065478
0.558772351792638
0.537287883830785
0.517084570037551
0.498100313815973
0.480271828237016
0.463536162457839
0.447831822493330
0.433099561429774
0.419282907183556
0.406328486680173
0.394186195616862
0.382809253784977
0.372154177767980
0.362180695879776
0.352851624461547
0.344132720010963
0.335992517930830
0.328402165800799
0.321335256849593
0.314767667606791
0.308677402432394
0.303044446668027
0.297850629451993
0.293079496732641
0.288716194654361
0.284747363241893
0.281161040143631
0.277946574091778
0.275094547680377
0.272596709038892
0.270445911980023
0.268636064218807
0.267162083290667
0.266019859835232
0.265206227957670
0.264718942428068
0.264556662530727
1
0.964234903891633
0.928696025656086
0.893601278599057
0.859152717781920
0.825530367087822
0.792887844363779
0.761349947192074
0.731012118168758
0.701941518554081
0.674179325430680
0.647743831455865
0.622633953242885
0.598832821757074
0.576311213038356
0.555030662044379
0.534946175169033
0.516008513025157
0.498166053967263
0.481366272809181
0.465556881588298
0.450686683424750
0.436706189423940
0.423568044411362
0.411227301656344
0.399641580678527
0.388771136368305
0.378578862330294
0.369030246725804
0.360093294976407
0.351738430458310
0.343938381695158
0.336668062460846
0.329904449549337
0.323626461677129
0.317814841986825
0.312452045858409
0.307522135159383
0.303010679635812
0.298904665831157
0.295192413692944
0.291863500868216
0.288908694581499
0.286319890921153
0.284090061321785
0.282213206014477
0.280684314217213
0.279499330850693
0.278655129586474
0.278149492062516
0.277981093133931
1
0.966090016485962
0.932372678378397
0.899034308018878
0.866249096203072
0.834174247859704
0.802946388102217
0.772679371360061
0.743463474243050
0.715365818937439
0.688431784592980
0.662687123587425
0.638140501884218
0.614786215984293
0.592606889525802
0.571576008306396
0.551660204654467
0.532821245637549
0.515017712682402
0.498206383072983
0.482343337974316
0.467384829044215
0.453287938260576
0.440011064957112
0.427514271512335
0.415759515609407
0.404710793112002
0.394334211783479
0.384598012543455
0.375472551820506
0.366930255859840
0.358945555571974
0.351494808629072
0.344556213984046
0.338109722754823
0.332136948434787
0.326621078617041
0.321546789816572
0.316900166508240
0.312668625142251
0.308840843630123
0.305406696594503
0.302357196530872
0.299684440926201
0.297381565309578
0.295442702165147
0.293862945612593
0.292638321750085
0.291765764555613
0.291243097251913
0.291069019055729
1
0.967750315801644
0.935666208159945
0.903908370413975
0.872628088958577
0.841963390904640
0.812036089475601
0.782949846574059
0.754789262760949
0.727619910396980
0.701489157352036
0.676427591029339
0.652450843711398
0.629561634305472
0.607751870409135
0.587004690361313
0.567296361248689
0.548597981443222
0.530876962910165
0.514098288593702
0.498225554058537
0.483221811202856
0.469050236420446
0.455674647199926
0.443059890771967
0.431172126814036
0.419979023961740
0.409449887350225
0.399555731876008
0.390269313484920
0.381565128639308
0.373419390232139
0.365809986601119
0.358716428937953
0.352119791262091
0.346002646206417
0.340348999115566
0.335144222358365
0.330374991279762
0.326029222842617
0.322096017717349
0.318565606351945
0.315429299383080
0.312679442620381
0.310309376741263
0.308313401766216
0.306686746338057
0.305425541798852
0.304526801041187
0.303988402103184
0.303809076476673
1
0.969243368983466
0.938630254405370
0.908300352791877
0.878385976395686
0.849008969080786
0.820278271161480
0.792288230761859
0.765117684727257
0.738829765086889
0.713472335475241
0.689078929709991
0.665670051921423
0.643254701269024
0.621831999738480
0.601392823782297
0.581921365225242
0.563396570579022
0.545793428608237
0.529084092664200
0.513238836778780
0.498226853137240
0.484016903948739
0.470577843612908
0.457879028115321
0.445890628354685
0.434583863074833
0.423931165595254
0.413906296855035
0.404484415575194
0.395642114710009
0.387357431859880
0.379609839985912
0.372380223607975
0.365650844678589
0.359405301492132
0.353628483296307
0.348306522702908
0.343426747530523
0.338977633336621
0.334948757596068
0.331330756244667
0.328115283118896
0.325294972677173
0.322863406275985
0.320815082189423
0.319145389497680
0.317850585924456
0.316927779671146
0.316374915274250
0.316190763498960
1
0.970591602807794
0.941308570692958
0.912273245591296
0.883602107717207
0.855403285707132
0.827774542325966
0.800801814461794
0.774558334607766
0.749104313167756
0.724487122207124
0.700741894851809
0.677892441131558
0.655952379362793
0.634926389571930
0.614811508845878
0.595598404857709
0.577272580683804
0.559815479655106
0.543205472336678
0.527418718372395
0.512429903864634
0.498212860451535
0.484741075700368
0.471988106294965
0.459927906173711
0.448535081630909
0.437785084718101
0.427654355295180
0.418120420945395
0.409161962795696
0.400758854147542
0.392892177767314
0.385544226733373
0.378698492897452
0.372339646291318
0.366453508189319
0.361027020014431
0.356048209838988
0.351506157870489
0.347390962017175
0.343693704387682
0.340406419385142
0.337522063901097
0.335034489991537
0.332938420320794
0.331229426583852
0.329903911059790
0.328959091405083
0.328392988762367
0.328204419235402
1
0.971813442531697
0.943737185848840
0.915879112583320
0.888342404295114
0.861223515292446
0.834610499388368
0.808581752753866
0.783205199967790
0.758537915934916
0.734626147335068
0.711505676095325
0.689202454938744
0.667733440903357
0.647107555427827
0.627326707245785
0.608386824917753
0.590278857581887
0.572989714045478
0.556503120741545
0.540800387827682
0.525861079628402
0.511663590772299
0.498185632947688
0.485404639459493
0.473298095995544
0.461843806463940
0.451020102671206
0.440806006158449
0.431181349842808
0.422126866330786
0.413624248953955
0.405656190776782
0.398206406073092
0.391259638079865
0.384801656223274
0.378819245473609
0.373300190020571
0.368233253063223
0.363608154173141
0.359415545408168
0.355646987120566
0.352294924210771
0.349352663420285
0.346814352128989
0.344674959018547
0.342930256880338
0.341576807779793
0.340611950735968
0.340033792032896
0.339841198245228
1
0.972924159855440
0.945946021048553
0.919161331679664
0.892662033792922
0.866534601996923
0.840858647115931
0.815705835452888
0.791139148710425
0.767212484652905
0.743970576830493
0.721449194940218
0.699675576527585
0.678669035697308
0.658441694569111
0.638999287226455
0.620341992549621
0.602465260350889
0.585360603594738
0.569016337419176
0.553418252681114
0.538550217577513
0.524394705480042
0.510933250528211
0.498146834894592
0.486016213140859
0.474522179905886
0.463645787475306
0.453368519721878
0.443672428597722
0.434540238897356
0.425955426465819
0.417902274450343
0.410365911622820
0.403332336256787
0.396788428540803
0.390721954057041
0.385121560452113
0.379976769075844
0.375277963060206
0.371016373051035
0.367184061585054
0.363773906919500
0.360779586966839
0.358195563858406
0.356017069554408
0.354240092830052
0.352861367895470
0.351878364847788
0.351289282104559
0.351093040926776
1
0.973936513238599
0.947960116175829
0.922156306475033
0.896607473217702
0.871391524803183
0.846580718069711
0.822240729170064
0.798429988446948
0.775199283304027
0.752591616693568
0.730642295687914
0.709379215413044
0.688823298544774
0.668989049254017
0.649885182253370
0.631515291594153
0.613878529226678
0.596970269296799
0.580782740095450
0.565305611070602
0.550526527088538
0.536431586071423
0.523005759226263
0.510233255373890
0.498097832484785
0.486583060548744
0.475672540466709
0.465350083865633
0.455599858697191
0.446406505267671
0.437755227022895
0.429631860026763
0.422022924660617
0.414915662658310
0.408298062195515
0.402158873382022
0.396487616168419
0.391274582376176
0.386510833292906
0.382188194041153
0.378299245727082
0.374837316202158
0.371796470123249
0.369171498871353
0.366957910783577
0.365151922064004
0.363750448664278
0.362751099361543
0.362152170207794
0.361952640478479
1
0.974861237603564
0.949800571225415
0.924894788280363
0.900218116379815
0.875841082333711
0.851829525518758
0.828243798166232
0.805138171879620
0.782560456239424
0.760551822978835
0.739146818914730
0.718373543204835
0.698253959786990
0.678804313905304
0.660035622048820
0.641954206879477
0.624562252217916
0.607858357329828
0.591838074139721
0.576494415231624
0.561818324331679
0.547799104264308
0.534424800074833
0.521682537122806
0.509558815518774
0.498039763372723
0.487111352024915
0.476759576818588
0.466970607122755
0.457730909285926
0.449027346051703
0.440847255737578
0.433178514202331
0.426009582330008
0.419329541457600
0.413128118881548
0.407395705303136
0.402123365819476
0.397302845837308
0.392926573082050
0.388987656693588
0.385479884242113
0.382397717359840
0.379736286565783
0.377491385758723
0.375659466765884
0.374237634259643
0.373223641289835
0.372615885622979
0.372413407030396
1
0.975707423192763
0.951485276995900
0.927402907841269
0.903527537931941
0.879923310155314
0.856650452593263
0.833764588858586
0.811316210792911
0.789350320058767
0.767906235760717
0.747017557171536
0.726712264407390
0.707012935712301
0.687937057854252
0.669497405787916
0.651702468862069
0.634556903044894
0.618061991509426
0.602216099107733
0.587015109476308
0.572452836542964
0.558521404907663
0.545211595871104
0.532513157761204
0.520415080671596
0.508905836814439
0.497973588451823
0.487606365860656
0.477792218059023
0.468519339127353
0.459776172938818
0.451551499006619
0.443834501990880
0.436614827207872
0.429882624266936
0.423628580738591
0.417843947540162
0.412520557518696
0.407650838519002
0.403227822049007
0.399245148496353
0.395697069708785
0.392578449625852
0.389884763539426
0.387612096464241
0.385757141015516
0.384317195117089
0.383290159798997
0.382674537286356
0.382469429530428
1
0.976482811748610
0.953029487968612
0.929702988106602
0.906564495841511
0.883672614516943
0.861082656126568
0.838846045069990
0.817009850721349
0.795616455349325
0.774703356747959
0.754303098625157
0.734443316732668
0.715146885110902
0.696432144696069
0.678313195785712
0.660800236271622
0.643899928860192
0.627615782428621
0.611948534946505
0.596896527799829
0.582456063710410
0.568621742621888
0.555386771844115
0.542743248372017
0.530682412614386
0.519194873796419
0.508270808064876
0.497900130861966
0.488072645481305
0.478778169913634
0.470006644165660
0.461748220222070
0.453993336743913
0.446732780476647
0.439957736194665
0.433659826848555
0.427831145416130
0.422464279795159
0.417552331919196
0.413088932131125
0.409068249713436
0.405485000350716
0.402334451188380
0.399612424051778
0.397315297300808
0.395440006716011
0.393984045741731
0.392945465349098
0.392322873725242
0.392115435943875
1
0.977194030257170
0.954446275574451
0.931814190032126
0.909353732667005
0.887118685480881
0.865160045339066
0.843525506998500
0.822259049129674
0.801400629513038
0.780985990070186
0.761046567434949
0.741609500675855
0.722697724723252
0.704330136085435
0.686521816508783
0.669284300219550
0.652625871103859
0.636551877441496
0.621065053414862
0.606165838393765
0.591852686806086
0.578122363134779
0.564970218157985
0.552390443926283
0.540376306129459
0.528920353443673
0.518014604181104
0.507650711108923
0.497820105688020
0.488514123230865
0.479724110618027
0.471441518267891
0.463657978044753
0.456365368734573
0.449555870629584
0.443222010654564
0.437356699347802
0.431953260885512
0.427005457214773
0.422507507240291
0.418454101896943
0.414840415834267
0.411662116341711
0.408915370054506
0.406596847899298
0.404703728665683
0.403233701523724
0.402184967747725
0.401556241851918
0.401346752293541
1
0.977846776987430
0.955746889778261
0.933753029716790
0.911916620603782
0.890287237037405
0.868912081714763
0.847835535767479
0.827098792119113
0.806739577498597
0.786791964468103
0.767286270924366
0.748249041235295
0.729703100620252
0.711667672629541
0.694158548608966
0.677188297773375
0.660766506843889
0.644900038992128
0.629593302941915
0.614848524374640
0.600666013155877
0.587044421257498
0.573980987524373
0.561471766582928
0.549511840185000
0.538095510114965
0.527216472463174
0.516867973594833
0.507042948536105
0.497734142776532
0.488934218667636
0.480635847699931
0.472831789981133
0.465514962231864
0.458678495574025
0.452315784321776
0.446420526903978
0.440986759956740
0.436008886530321
0.431481699259836
0.427400399256699
0.423760611389177
0.420558396537074
0.417790261327791
0.415453165789206
0.413544529288604
0.412062235066082
0.411004633614862
0.410370545109142
0.410159261031855
1
0.978445970668871
0.956941049620699
0.935533795368556
0.914271684089435
0.893200610438054
0.872364435966260
0.851804596690461
0.831559778181992
0.811665663173167
0.792154753333501
0.773056263797021
0.754396086380024
0.736196815326640
0.718477827905977
0.701255411257020
0.684542926492047
0.668351001152882
0.652687741575774
0.637558957462344
0.622968391880306
0.608917950941966
0.595407928457978
0.582437221880938
0.570003536796595
0.558103578062792
0.546733226423307
0.535887700031212
0.525561700807374
0.515749545942750
0.506445285139544
0.497642804389307
0.489335917218992
0.481518444411707
0.474184283239355
0.467327467239782
0.460942217540706
0.455022986683770
0.449564495840953
0.444561766246815
0.440010145597650
0.435905330095199
0.432243382740224
0.429020748411303
0.426234266197616
0.423881179391613
0.421959143488536
0.420466232484691
0.419400943714837
0.418762201420777
0.418549359197622
1
0.978995870859795
0.958037178104786
0.937168885481102
0.916435025553590
0.895878268516197
0.875539530023004
0.855457627542715
0.835668992208361
0.816207440456047
0.797104007119619
0.778386839231085
0.760081147684174
0.742209212221358
0.724790433936498
0.707841428647544
0.691376154062210
0.675406063590486
0.659940279893149
0.644985781729397
0.630547598311445
0.616629006124867
0.603231723973115
0.590356102805188
0.578001307649831
0.566165489681711
0.554845947067993
0.544039273779609
0.533741495998441
0.523948196112868
0.514654624576303
0.505855800114850
0.497546598920675
0.489721833566697
0.482376322435013
0.475504950474617
0.469102722100905
0.463164807026791
0.457686579778307
0.452663653600903
0.448091909409812
0.443967520381613
0.440286972726581
0.437047083124144
0.434245013247815
0.431878281751983
0.429944774041350
0.428442750094757
0.427370850568497
0.426728101359885
0.426513916769515
1
0.979500175520454
0.959042592963566
0.938669084355251
0.918420673792935
0.898337202387186
0.878456985879111
0.858816512764049
0.839450188628489
0.820390130229961
0.801666010773288
0.783304955962881
0.765331488798170
0.747767519756220
0.730632377983159
0.713942878394062
0.697713419149378
0.681956103814268
0.666680882584181
0.651895707235856
0.637606694892119
0.623818296224703
0.610533464317300
0.597753821031985
0.585479818333759
0.573710892605680
0.562445610513733
0.551681805445897
0.541416703948917
0.531647041918901
0.522369170570711
0.513579152421489
0.505272847681775
0.497445991560582
0.490094263065476
0.483213345921892
0.476798982253810
0.470847019665873
0.465353452350006
0.460314456811347
0.455726422772331
0.451585979772637
0.447890019938474
0.444635717349053
0.441820544382081
0.439442285374732
0.437499047892124
0.435989271852362
0.434911736715658
0.434265566905008
0.434050235587164
1
0.979962100278403
0.959963661957100
0.940043787151637
0.920240869837296
0.900592267061220
0.881133998434135
0.861900480304375
0.842924299092205
0.824236026430196
0.805864077131482
0.787834609625038
0.770171467340194
0.752896158564405
0.736027871521799
0.719583520823387
0.703577821028514
0.688023382834553
0.672930827371675
0.658308914204069
0.644164678900817
0.630503576405800
0.617329626872161
0.604645561100582
0.592452963203944
0.580752408591152
0.569543595803313
0.558825471134512
0.548596345320658
0.538854001880452
0.529595796942862
0.520818750597968
0.512519629966771
0.504695024305169
0.497341412543083
0.490455223716749
0.484032890785483
0.478070898338166
0.472565824693514
0.467514378885151
0.462913433000752
0.458760050316433
0.455051509635096
0.451785326202240
0.448959269535994
0.446571378470685
0.444619973675819
0.443103667875307
0.442021373955390
0.441372311114058
0.441156009169895
1
0.980384442684203
0.960805929101916
0.941301183601366
0.921906301603666
0.902656458745103
0.883585645810328
0.864726434521710
0.846109777304974
0.827764842553889
0.809718885727280
0.791997155749326
0.774622835517680
0.757617014747834
0.740998692850186
0.724784809055141
0.708990296604857
0.693628157552468
0.678709554571084
0.664243916176917
0.650239051899898
0.636701274167170
0.623635523972232
0.611045497757514
0.598933773315763
0.587301932895115
0.576150682057907
0.565479963182508
0.555289062803166
0.545576712250908
0.536341181287494
0.527580364614972
0.519291861297667
0.511473047254542
0.504121141071457
0.497233263448794
0.490806490644003
0.484837902294578
0.479324624018061
0.474263865184934
0.469652952250262
0.465489358012920
0.461770727148995
0.458494898340016
0.455659923288207
0.453264082880936
0.451305900735589
0.449784154324816
0.448697883850698
0.448046399005214
0.447829283723437
1
0.980769633759904
0.961574216376301
0.942448407006414
0.923426295776604
0.904541143649690
0.885825147787888
0.867309235978509
0.849022891461264
0.830994008097642
0.813248775186075
0.795811591044596
0.778705004422261
0.761949682647788
0.745564405118362
0.729566080322769
0.713969784171256
0.698788817050762
0.684034776787047
0.669717644591186
0.655845881089562
0.642426529663667
0.629465324533222
0.616966801277738
0.604934407784471
0.593370613915590
0.582277018488782
0.571654452452285
0.561503077399442
0.551822478804565
0.542611753568629
0.533869591639598
0.525594351618787
0.517784130383531
0.510436826849872
0.503550200069919
0.497121921909788
0.491149624588545
0.485630943379060
0.480563554780537
0.475945210472134
0.471773767349235
0.468047213930452
0.464763693405569
0.461921523573576
0.459519213896644
0.457555479870973
0.456029254889534
0.454939699745222
0.454286209896043
0.454068420586971
1
0.981119778195766
0.962272703721062
0.943491652939764
0.924808972930634
0.906256245736194
0.887864080807101
0.869661937054470
0.851677973080335
0.833938923098582
0.816469996368733
0.799294798848554
0.782435276536859
0.765911680285456
0.749742551703667
0.733944729334058
0.718533373744625
0.703522009705371
0.688922583269388
0.674745531379195
0.660999861556394
0.647693239282073
0.634832080808783
0.622421649336603
0.610466152713318
0.598968841064130
0.587932103005231
0.577357559337489
0.567246153343756
0.557598237020859
0.548413652762259
0.539691810168376
0.531431757798601
0.523632249793012
0.516291807384308
0.509408775393412
0.502981373857722
0.497007744981329
0.491485995623823
0.486414235560674
0.481790611755351
0.477613338883160
0.473880726340603
0.470591201963120
0.467743332659583
0.465335842154530
0.463367626009758
0.461837764075974
0.460745530503241
0.460090401416256
0.459872060337306
1
0.981436683456410
0.962904988252459
0.944436269781478
0.926061369673167
0.907810398881761
0.889712556382704
0.871795980985598
0.854087629952356
0.836613178014265
0.819396932627992
0.802461764032159
0.785829050569758
0.769518640444297
0.753548830840658
0.737936364635945
0.722696444135178
0.707842760601665
0.693387537883046
0.679341588156836
0.665714377700098
0.652514100588534
0.639747758316319
0.627421243472110
0.615539425786862
0.604106239069041
0.593124767749749
0.582597331964782
0.572525570295882
0.562910519474748
0.553752690517595
0.545052140903702
0.536808542537836
0.529021245343969
0.521689336427196
0.514811694813554
0.508387041834935
0.502413987270296
0.496891071386460
0.491816803043683
0.487189694044348
0.483008289909033
0.479271197264125
0.475977108020128
0.473124820510923
0.470713257752174
0.468741482962612
0.467208712475628
0.466114326150826
0.465457875376444
0.465239088733995
1
0.981721876474246
0.963474121007758
0.945286820443191
0.927189529283786
0.909211067388535
0.891379368851970
0.873721371356001
0.856262930399849
0.839028745629754
0.822042292956513
0.805325762075375
0.788900002273490
0.772784480061874
0.756997251282615
0.741554948977355
0.726472787069404
0.711764579013003
0.697442769993300
0.683518480945615
0.670001562527653
0.656900657164493
0.644223267352458
0.631975828525496
0.620163784937045
0.608791667177156
0.597863170118835
0.587381230261331
0.577348101605982
0.567765429358109
0.558634320893545
0.549955413559163
0.541728938992239
0.533954783743630
0.526632546074929
0.519761588870752
0.513341088665176
0.507370080827241
0.501847500985685
0.496772222798946
0.492143092194174
0.487958958209760
0.484218700580748
0.480921254206450
0.478065630635470
0.475650936695930
0.473676390388580
0.472141334148319
0.471045245565713
0.470387745645036
0.470168604659177
1
0.981976603824120
0.963982615253224
0.946047110576942
0.928198559716713
0.910464637808502
0.892872118509680
0.875446819502975
0.858213566262871
0.841196151494973
0.824417283329211
0.807898526448382
0.791660244365498
0.775721550190577
0.760100270528103
0.744812924582113
0.729874718744829
0.715299555865139
0.701100057811467
0.687287599669627
0.673872353822898
0.660863342173120
0.648268494834864
0.636094713744726
0.624347939759586
0.613033221961381
0.602154788034752
0.591716114732495
0.581719997588168
0.572168619172341
0.563063615316611
0.554406138846089
0.546196920465685
0.538436326537840
0.531124413569350
0.524260979293141
0.517845610287734
0.511877726123758
0.506356620063887
0.501281496371212
0.496651504302120
0.492465768874290
0.488723418509241
0.485423609652956
0.482565548478006
0.480148509767197
0.478171853072474
0.476635036234309
0.475537626336406
0.474879308158738
0.474659890178988
1
0.982201805636519
0.964432412221208
0.946720171841800
0.929092654847855
0.911576485543097
0.894197318326378
0.876979879299986
0.859948003017069
0.843124629402359
0.826531760962161
0.810190397664168
0.794120467960642
0.778340768249476
0.762868916802916
0.747721324077892
0.732913179173789
0.718458451199938
0.704369903915385
0.690659121889725
0.677336546450969
0.664411519761979
0.651892335469650
0.639786294486991
0.628099764591722
0.616838242652170
0.606006418419779
0.595608238954867
0.585646972876248
0.576125273743976
0.567045241996092
0.558408484963575
0.550216174581798
0.542469102501146
0.535167732373939
0.528312249159427
0.521902605343820
0.515938564018559
0.510419738797967
0.505345630587732
0.500715661239182
0.496529204141669
0.492785611817428
0.489484240590630
0.486624472405673
0.484205733869745
0.482227512591700
0.480689370884011
0.479590956887266
0.478932013167860
0.478712382829458
1
0.982398040822775
0.964824772970823
0.947308176843462
0.929875072304174
0.912551024148151
0.895360498683318
0.878327083115316
0.861473626982286
0.844822268075785
0.828394375094516
0.812210456187897
0.796290066965045
0.780651733614091
0.765312895568939
0.750289867612137
0.735597819610310
0.721250771697954
0.707261602780634
0.693642070408596
0.680402840258230
0.667553523623574
0.655102721462531
0.643058073669412
0.631426312363438
0.620213318096076
0.609424177990628
0.599063244935861
0.589134197061002
0.579640096821274
0.570583449120072
0.561966257984797
0.553790081397461
0.546056083957795
0.538765087125300
0.531917616847515
0.525513948434619
0.519554148585804
0.514038114510880
0.508965610121900
0.504336299294709
0.500149776219825
0.496405592876553
0.493103283674265
0.490242387310918
0.487822465901667
0.485843121430323
0.484304009573876
0.483204850945735
0.482545439797196
0.482325650209092
1
0.982565309721386
0.965160026032261
0.947812240647180
0.930548063882395
0.913391760679454
0.896366338918538
0.879494099435628
0.862796900259323
0.846296153252822
0.830012695635743
0.813966639575190
0.798177245645710
0.782662826823189
0.767440680896807
0.752527046475006
0.737937078291438
0.723684838354327
0.709783300257812
0.696244364521332
0.683078883194684
0.670296692214979
0.657906650175569
0.645916682298092
0.634333828507300
0.623164294605744
0.612413505637827
0.602086160622703
0.592186287923840
0.582717300609245
0.573682051239713
0.565082885601905
0.556921694977758
0.549199966610917
0.541918832094038
0.535079113457622
0.528681366791355
0.522725923272853
0.517212927516383
0.512142373185843
0.507514135842505
0.503328003019016
0.499583701527535
0.496280922022056
0.493419340843328
0.490998639179980
0.489018519581666
0.487478719859943
0.486379024410361
0.485719272985372
0.485499366942423
1
0.982702634600626
0.965437003344601
0.948232029307234
0.931112780492489
0.914101426637019
0.897218880369544
0.880485938279869
0.863923528876832
0.847552504056049
0.831393327042039
0.815465841801644
0.799789108228928
0.784381291969692
0.769259591696297
0.754440193415109
0.739938244709008
0.725767844457656
0.711942045029804
0.698472864812191
0.685371309428706
0.672647400289865
0.660310209286675
0.648367898559421
0.636827764360390
0.625696284105826
0.614979165784470
0.604681398961305
0.594807306686691
0.585360597692643
0.576344418328728
0.567761403759040
0.559613728007669
0.551903152502481
0.544631072824834
0.537798563425843
0.531406420117474
0.525455200189107
0.519945260037205
0.514876790227469
0.510249847935690
0.506064386735591
0.502320283719719
0.499017363953260
0.496155422270866
0.493734242433610
0.491753613667461
0.490213344606468
0.489113274663652
0.488453282850645
0.488233294063867
1
0.982806984197000
0.965651753509761
0.948565048741357
0.931569317807829
0.914682356237440
0.897921914708467
0.881307208059941
0.864858635610684
0.848596792060338
0.832541999710619
0.816713990243903
0.801131728331021
0.785813301441078
0.770775852694508
0.756035539854986
0.741607512702822
0.727505904120720
0.713743832195317
0.700333411519075
0.687285772350801
0.674611086526718
0.662318599140788
0.650416665087971
0.638912789618586
0.627813672100176
0.617125252232112
0.606852758010065
0.597000754792728
0.587573194881004
0.578573467079189
0.570004445767086
0.561868539070272
0.554167735771895
0.546903650662460
0.540077568073412
0.533690483385549
0.527743142344048
0.522236078047991
0.517169645513948
0.512544053740187
0.508359395220964
0.504615672879113
0.501312824400215
0.498450743963251
0.496029301371231
0.494048358591101
0.492507783715688
0.491407462361874
0.490747306518864
0.490527260858750
1
0.982870242868639
0.965794239252379
0.948805845766249
0.931917420450312
0.915137634830529
0.898479474603330
0.881962398650059
0.865606893380748
0.849433821521629
0.833463626284106
0.817716094675240
0.802210195877626
0.786964002410053
0.771994640320496
0.757318260448352
0.742950022853300
0.728904091763449
0.715193639254398
0.701830856605245
0.688826972476142
0.676192277148459
0.663936152092307
0.652067104134891
0.640592803510710
0.629520125089303
0.618855192100014
0.608603421705737
0.598769571817466
0.589357788586916
0.580371654063666
0.571814233554428
0.563688122273699
0.555995490925879
0.548738129907872
0.541917491867472
0.535534732395790
0.529590748671252
0.524086215908012
0.519021621492885
0.514397296722147
0.510213446072804
0.506470173962459
0.503167508967892
0.500305425485157
0.497883862823775
0.495902741734630
0.494361978375941
0.493261495724373
0.492601232439365
0.492381149188386
1
0.982867341606581
0.965841624383392
0.948945072946056
0.932162289038908
0.915471798234127
0.898896507563819
0.882455978542260
0.866172576731223
0.850067735869852
0.834162312525460
0.818476263665808
0.803028640763374
0.787837545490538
0.772920114361782
0.758292505862668
0.743969894936254
0.729966473137145
0.716295454907637
0.702969089786596
0.689998680351994
0.677394605520247
0.665166348728678
0.653322530450701
0.641870944449388
0.630818597154667
0.620171749548770
0.609935960959280
0.600116134185464
0.590716561418538
0.581740970457276
0.573192570764891
0.565074098959340
0.557387863375800
0.550135787385695
0.543319451200363
0.536940131928631
0.530998841695591
0.525496363664408
0.520433285833974
0.515810032512410
0.511626893390002
0.507884050155149
0.504581600613539
0.501719580284252
0.499297981457099
0.497316769703477
0.495775897838730
0.494675317337659
0.494014987206863
0.493794880318152
1
0.982719814166444
0.965712812181801
0.949017626278989
0.932308726216414
0.915694187588595
0.899178145581111
0.882792442480543
0.866559389347247
0.850501954057443
0.834641313110955
0.818997691018648
0.803590235071059
0.788437097898016
0.773555437221893
0.758961425242237
0.744670251517030
0.730696128665849
0.717052301199245
0.703751058849169
0.690803754648933
0.678220827781162
0.666011830934304
0.654185461767358
0.642749597987971
0.631711335499504
0.621077029051673
0.610852334829981
0.601042254435130
0.591651179730663
0.582682938071717
0.574140837467389
0.566027711271618
0.558345962041014
0.551097604241284
0.544284305525881
0.537907426350277
0.531968057722425
0.526467056923935
0.521405081067193
0.516782618380802
0.512600017139471
0.508857512174773
0.505555248920255
0.502693304958375
0.500271709047924
0.498290457619199
0.496749528730521
0.495648893484038
0.494988524901442
0.494768404261489
1
0.981537404846670
0.965799330313147
0.948974282913108
0.932396872239089
0.915807680492432
0.899331481342864
0.882975088404244
0.866770372331579
0.850738966360833
0.834902966182399
0.819282615207192
0.803897181622938
0.788764844901958
0.773902783750585
0.759327180267362
0.745053234020320
0.731095170004403
0.717466249604760
0.704178784638399
0.691244155655791
0.678672834608104
0.666474411801238
0.654657626816943
0.643230402969643
0.632199884795564
0.621572478038353
0.611353891587269
0.601549180833911
0.592162791935934
0.583198606507333
0.574659986291713
0.566549817415221
0.558870553857575
0.551624259821575
0.544812650722370
0.538437132556850
0.532498839450105
0.526998669209600
0.521937316748187
0.517315305264233
0.513133015090948
0.509390710147450
0.506088561941372
0.503226671087134
0.500805086315426
0.498823820958428
0.497282866901989
0.496182206000644
0.495521818954453
0.495301691648240
0.988809108914759
0.984229485457435
0.965028687739417
0.949174528921416
0.932355679414569
0.915842266087198
0.899354085469614
0.883007954639171
0.866806836041821
0.850780347321330
0.834948552493890
0.819332289888898
0.803950692268751
0.788821986728976
0.773963344653448
0.759390953090790
0.745120012642593
0.731164750732298
0.717538431653126
0.704253371095590
0.691320954400580
0.678751659224387
0.666555082418440
0.654739970859208
0.643314255797380
0.632285090233220
0.621658888786766
0.611441369522848
0.601637597199493
0.592252027429971
0.583288551279255
0.574750539852018
0.566640888469152
0.558962060071289
0.551716127529450
0.544904814583740
0.538529535169908
0.532591430930095
0.527091406737749
0.522030164097115
0.517408232304869
0.513225997285276
0.509483728030714
0.506181600596788
0.503319719615484
0.500898137301450
0.498916869935409
0.497375911815510
0.496275246672164
0.495614856545038
0.495394728122567
