  1.0000000e+000
  5.3847612e-001
  2.9779819e-001
 -0.0000000e+000
 -0.0000000e+000
 -0.0000000e+000
 -0.0000000e+000
 -0.0000000e+000
 -0.0000000e+000
 -0.0000000e+000
 -0.0000000e+000
 -0.0000000e+000
  4.8107645e-001
  1.0000000e+000
  7.7714248e-001
  7.3773627e-001
  7.3493374e-001
  7.4789659e-001
  7.6951528e-001
  7.9740513e-001
  8.3119519e-001
  8.7182066e-001
  9.2182282e-001
  9.6370979e-001
  9.9070716e-001
  9.9729606e-001
  9.9794668e-001
  9.9408791e-001
  9.7724530e-001
  9.5170390e-001
  9.2214563e-001
  8.9971702e-001
  8.8209468e-001
  8.6791004e-001
  8.5626095e-001
  8.4654995e-001
  8.3836460e-001
  8.3141014e-001
  8.2546972e-001
  8.2037997e-001
  8.1601556e-001
  8.1227888e-001
  8.0909314e-001
  8.0639749e-001
  8.0414365e-001
  8.0229337e-001
  8.0081665e-001
  7.9969044e-001
  7.9889767e-001
  7.9842660e-001
  7.9827033e-001
  5.2911527e-001
  4.7632044e-001
  3.0831146e-001
  1.8679039e-001
  1.1258618e-001
  9.1335132e-002
  8.4483926e-002
  8.5611924e-002
  9.3868470e-002
  1.1233529e-001
  1.5197942e-001
  2.7451824e-001
  4.7443964e-001
  6.4257139e-001
  7.2186480e-001
  7.1639210e-001
  7.2495036e-001
  7.4192286e-001
  7.6499244e-001
  7.9306399e-001
  8.2609914e-001
  8.6508510e-001
  9.1146892e-001
  1.0000000e+000
  1.0000000e+000
  1.0000000e+000
  1.0000000e+000
  1.0000000e+000
  1.0000000e+000
  9.4361864e-001
  9.1698019e-001
  8.9609879e-001
  8.7950657e-001
  8.6598271e-001
  8.5477719e-001
  8.4537550e-001
  8.3741310e-001
  8.3062377e-001
  8.2480836e-001
  8.1981495e-001
  8.1552578e-001
  8.1184846e-001
  8.0870982e-001
  8.0605164e-001
  8.0382750e-001
  8.0200054e-001
  8.0054176e-001
  7.9942884e-001
  7.9864523e-001
  7.9817951e-001
  7.9802501e-001
  4.2096002e-001
  3.9118452e-001
  3.2471795e-001
  2.5120407e-001
  1.9970529e-001
  1.7165453e-001
  1.6225114e-001
  1.6501869e-001
  1.7927317e-001
  2.0870868e-001
  2.6485261e-001
  3.5542049e-001
  4.6837731e-001
  5.7355324e-001
  6.4411723e-001
  6.8340565e-001
  7.0698631e-001
  7.3032936e-001
  7.5577882e-001
  7.8402744e-001
  8.1549851e-001
  8.5069710e-001
  8.9207844e-001
  9.2653749e-001
  9.5001951e-001
  9.5770210e-001
  9.6034124e-001
  9.5877419e-001
  9.4678950e-001
  9.2817781e-001
  9.0590680e-001
  8.8847294e-001
  8.7396647e-001
  8.6180990e-001
  8.5153588e-001
  8.4279257e-001
  8.3530974e-001
  8.2887852e-001
  8.2333598e-001
  8.1855386e-001
  8.1443039e-001
  8.1088419e-001
  8.0784989e-001
  8.0527486e-001
  8.0311676e-001
  8.0134171e-001
  7.9992291e-001
  7.9883963e-001
  7.9807644e-001
  7.9762270e-001
  7.9747214e-001
  3.7653825e-001
  3.6350837e-001
  3.3000441e-001
  2.9041996e-001
  2.5709691e-001
  2.3655514e-001
  2.2922251e-001
  2.3412728e-001
  2.5131106e-001
  2.8320398e-001
  3.3284547e-001
  3.9980933e-001
  4.7654192e-001
  5.5016419e-001
  6.1034947e-001
  6.5463697e-001
  6.8794793e-001
  7.1630521e-001
  7.4375097e-001
  7.7183830e-001
  8.0119736e-001
  8.3197963e-001
  8.6216971e-001
  8.8868953e-001
  9.0787384e-001
  9.1935314e-001
  9.2402904e-001
  9.2287147e-001
  9.1616229e-001
  9.0471162e-001
  8.9125347e-001
  8.7794095e-001
  8.6613027e-001
  8.5578967e-001
  8.4679047e-001
  8.3896901e-001
  8.3216966e-001
  8.2625583e-001
  8.2111173e-001
  8.1664078e-001
  8.1276294e-001
  8.0941217e-001
  8.0653405e-001
  8.0408393e-001
  8.0202531e-001
  8.0032862e-001
  7.9897028e-001
  7.9793188e-001
  7.9719967e-001
  7.9676408e-001
  7.9661950e-001
  3.6508450e-001
  3.5843783e-001
  3.4113946e-001
  3.1942315e-001
  3.0006840e-001
  2.8774473e-001
  2.8469757e-001
  2.9173099e-001
  3.0951313e-001
  3.3891253e-001
  3.8021520e-001
  4.3164090e-001
  4.8858074e-001
  5.4478914e-001
  5.9500448e-001
  6.3712485e-001
  6.7215987e-001
  7.0263524e-001
  7.3085320e-001
  7.5824015e-001
  7.8535998e-001
  8.1193773e-001
  8.3689823e-001
  8.5853954e-001
  8.7539946e-001
  8.8674995e-001
  8.9270996e-001
  8.9373025e-001
  8.9043530e-001
  8.8380814e-001
  8.7515969e-001
  8.6584976e-001
  8.5678819e-001
  8.4842425e-001
  8.4087196e-001
  8.3413049e-001
  8.2815128e-001
  8.2286985e-001
  8.1821985e-001
  8.1413918e-001
  8.1057227e-001
  8.0747069e-001
  8.0479291e-001
  8.0250378e-001
  8.0057387e-001
  7.9897891e-001
  7.9769924e-001
  7.9671935e-001
  7.9602756e-001
  7.9561570e-001
  7.9547894e-001
  3.6902610e-001
  3.6560962e-001
  3.5659194e-001
  3.4512039e-001
  3.3494376e-001
  3.2924319e-001
  3.3013039e-001
  3.3882636e-001
  3.5601962e-001
  3.8197324e-001
  4.1621856e-001
  4.5711755e-001
  5.0179847e-001
  5.4678443e-001
  5.8908943e-001
  6.2709734e-001
  6.6071333e-001
  6.9081804e-001
  7.1853341e-001
  7.4470425e-001
  7.6968374e-001
  7.9329867e-001
  8.1491454e-001
  8.3365649e-001
  8.4871454e-001
  8.5961868e-001
  8.6630096e-001
  8.6902617e-001
  8.6830685e-001
  8.6486557e-001
  8.5957037e-001
  8.5327762e-001
  8.4667754e-001
  8.4021550e-001
  8.3413035e-001
  8.2852597e-001
  8.2343523e-001
  8.1885420e-001
  8.1476101e-001
  8.1112626e-001
  8.0791859e-001
  8.0510754e-001
  8.0266504e-001
  8.0056611e-001
  7.9878901e-001
  7.9731529e-001
  7.9612966e-001
  7.9521989e-001
  7.9457663e-001
  7.9419327e-001
  7.9406592e-001
  3.8080546e-001
  3.7911198e-001
  3.7467973e-001
  3.6921333e-001
  3.6490336e-001
  3.6383353e-001
  3.6762377e-001
  3.7734299e-001
  3.9355244e-001
  4.1630524e-001
  4.4504918e-001
  4.7853467e-001
  5.1490271e-001
  5.5203757e-001
  5.8807291e-001
  6.2180471e-001
  6.5280913e-001
  6.8125748e-001
  7.0758266e-001
  7.3217624e-001
  7.5520466e-001
  7.7654823e-001
  7.9584222e-001
  8.1259520e-001
  8.2634820e-001
  8.3680877e-001
  8.4391761e-001
  8.4784625e-001
  8.4896217e-001
  8.4778096e-001
  8.4490105e-001
  8.4092020e-001
  8.3635413e-001
  8.3159064e-001
  8.2688697e-001
  8.2239706e-001
  8.1820439e-001
  8.1434865e-001
  8.1084331e-001
  8.0768674e-001
  8.0486917e-001
  8.0237688e-001
  8.0019473e-001
  7.9830772e-001
  7.9670183e-001
  7.9536457e-001
  7.9428519e-001
  7.9345485e-001
  7.9286667e-001
  7.9251572e-001
  7.9239906e-001
  3.9647043e-001
  3.9575197e-001
  3.9396054e-001
  3.9207804e-001
  3.9142889e-001
  3.9336577e-001
  3.9902907e-001
  4.0921884e-001
  4.2434344e-001
  4.4438978e-001
  4.6889565e-001
  4.9695872e-001
  5.2733653e-001
  5.5865375e-001
  5.8966236e-001
  6.1945367e-001
  6.4753954e-001
  6.7378895e-001
  6.9827475e-001
  7.2110813e-001
  7.4231831e-001
  7.6179971e-001
  7.7932402e-001
  7.9460088e-001
  8.0736070e-001
  8.1743035e-001
  8.2477914e-001
  8.2953054e-001
  8.3194658e-001
  8.3239445e-001
  8.3130061e-001
  8.2909863e-001
  8.2618167e-001
  8.2287127e-001
  8.1940767e-001
  8.1595730e-001
  8.1262856e-001
  8.0948814e-001
  8.0657439e-001
  8.0390708e-001
  8.0149413e-001
  7.9933618e-001
  7.9742965e-001
  7.9576872e-001
  7.9434664e-001
  7.9315662e-001
  7.9219234e-001
  7.9144832e-001
  7.9092012e-001
  7.9060452e-001
  7.9049954e-001
  4.1384497e-001
  4.1369256e-001
  4.1345013e-001
  4.1370661e-001
  4.1528173e-001
  4.1904875e-001
  4.2577703e-001
  4.3602192e-001
  4.5006008e-001
  4.6785621e-001
  4.8905603e-001
  5.1301540e-001
  5.3887957e-001
  5.6570981e-001
  5.9262856e-001
  6.1893790e-001
  6.4417426e-001
  6.6809018e-001
  6.9058363e-001
  7.1161074e-001
  7.3111407e-001
  7.4898469e-001
  7.6506146e-001
  7.7915980e-001
  7.9111541e-001
  8.0082703e-001
  8.0828593e-001
  8.1358668e-001
  8.1691997e-001
  8.1855164e-001
  8.1879259e-001
  8.1796534e-001
  8.1637345e-001
  8.1427973e-001
  8.1189589e-001
  8.0938248e-001
  8.0685540e-001
  8.0439508e-001
  8.0205532e-001
  7.9987079e-001
  7.9786277e-001
  7.9604340e-001
  7.9441872e-001
  7.9299087e-001
  7.9175957e-001
  7.9072322e-001
  7.8987959e-001
  7.8922635e-001
  7.8876142e-001
  7.8848315e-001
  7.8839051e-001
  4.3168198e-001
  4.3185913e-001
  4.3252134e-001
  4.3403082e-001
  4.3690136e-001
  4.4169360e-001
  4.4891254e-001
  4.5892576e-001
  4.7190864e-001
  4.8781602e-001
  5.0638005e-001
  5.2713640e-001
  5.4948026e-001
  5.7274569e-001
  5.9629178e-001
  6.1957351e-001
  6.4217949e-001
  6.6383087e-001
  6.8434997e-001
  7.0361544e-001
  7.2152163e-001
  7.3795393e-001
  7.5278435e-001
  7.6588429e-001
  7.7714730e-001
  7.8651292e-001
  7.9398445e-001
  7.9963634e-001
  8.0361046e-001
  8.0610307e-001
  8.0734538e-001
  8.0758165e-001
  8.0704875e-001
  8.0596053e-001
  8.0449861e-001
  8.0280956e-001
  8.0100682e-001
  7.9917528e-001
  7.9737672e-001
  7.9565508e-001
  7.9404084e-001
  7.9255468e-001
  7.9121021e-001
  7.9001605e-001
  7.8897738e-001
  7.8809708e-001
  7.8737654e-001
  7.8681625e-001
  7.8641625e-001
  7.8617637e-001
  7.8609643e-001
  4.4925946e-001
  4.4962401e-001
  4.5079862e-001
  4.5300884e-001
  4.5657791e-001
  4.6186266e-001
  4.6918682e-001
  4.7878374e-001
  4.9075529e-001
  5.0505007e-001
  5.2146182e-001
  5.3964845e-001
  5.5916959e-001
  5.7953716e-001
  6.0026882e-001
  6.2093279e-001
  6.4117449e-001
  6.6072190e-001
  6.7937305e-001
  6.9697394e-001
  7.1339651e-001
  7.2852371e-001
  7.4224504e-001
  7.5446189e-001
  7.6509910e-001
  7.7411794e-001
  7.8152621e-001
  7.8738261e-001
  7.9179439e-001
  7.9490896e-001
  7.9690115e-001
  7.9795863e-001
  7.9826788e-001
  7.9800281e-001
  7.9731713e-001
  7.9634074e-001
  7.9517939e-001
  7.9391663e-001
  7.9261686e-001
  7.9132877e-001
  7.9008854e-001
  7.8892267e-001
  7.8785029e-001
  7.8688500e-001
  7.8603635e-001
  7.8531090e-001
  7.8471308e-001
  7.8424582e-001
  7.8391098e-001
  7.8370969e-001
  7.8364253e-001
  4.6616606e-001
  4.6663067e-001
  4.6807485e-001
  4.7063932e-001
  4.7452648e-001
  4.7996020e-001
  4.8714237e-001
  4.9621373e-001
  5.0722477e-001
  5.2011960e-001
  5.3473434e-001
  5.5080966e-001
  5.6801550e-001
  5.8598363e-001
  6.0434198e-001
  6.2274402e-001
  6.4088820e-001
  6.5852511e-001
  6.7545405e-001
  6.9151309e-001
  7.0656776e-001
  7.2050260e-001
  7.3321788e-001
  7.4463165e-001
  7.5468549e-001
  7.6335130e-001
  7.7063673e-001
  7.7658737e-001
  7.8128491e-001
  7.8484144e-001
  7.8739091e-001
  7.8907917e-001
  7.9005412e-001
  7.9045738e-001
  7.9041808e-001
  7.9004936e-001
  7.8944697e-001
  7.8868976e-001
  7.8784120e-001
  7.8695143e-001
  7.8605949e-001
  7.8519539e-001
  7.8438195e-001
  7.8363636e-001
  7.8297143e-001
  7.8239659e-001
  7.8191873e-001
  7.8154273e-001
  7.8127201e-001
  7.8110875e-001
  7.8105419e-001
  4.8217954e-001
  4.8269005e-001
  4.8425273e-001
  4.8695459e-001
  4.9092055e-001
  4.9628775e-001
  5.0317709e-001
  5.1166693e-001
  5.2177281e-001
  5.3343599e-001
  5.4652173e-001
  5.6082739e-001
  5.7609843e-001
  5.9204968e-001
  6.0838791e-001
  6.2483180e-001
  6.4112619e-001
  6.5704933e-001
  6.7241368e-001
  6.8706226e-001
  7.0086344e-001
  7.1370655e-001
  7.2549993e-001
  7.3617165e-001
  7.4567224e-001
  7.5397819e-001
  7.6109452e-001
  7.6705569e-001
  7.7192388e-001
  7.7578492e-001
  7.7874240e-001
  7.8091062e-001
  7.8240762e-001
  7.8334888e-001
  7.8384249e-001
  7.8398589e-001
  7.8386419e-001
  7.8354981e-001
  7.8310307e-001
  7.8257328e-001
  7.8200023e-001
  7.8141559e-001
  7.8084434e-001
  7.8030597e-001
  7.7981557e-001
  7.7938468e-001
  7.7902201e-001
  7.7873400e-001
  7.7852525e-001
  7.7839882e-001
  7.7835649e-001
  4.9719431e-001
  4.9771725e-001
  4.9930498e-001
  5.0201014e-001
  5.0590768e-001
  5.1107822e-001
  5.1758939e-001
  5.2547818e-001
  5.3473712e-001
  5.4530619e-001
  5.5707131e-001
  5.6986938e-001
  5.8349878e-001
  5.9773340e-001
  6.1233778e-001
  6.2708101e-001
  6.4174732e-001
  6.5614271e-001
  6.7009740e-001
  6.8346552e-001
  6.9612317e-001
  7.0796656e-001
  7.1891106e-001
  7.2889149e-001
  7.3786341e-001
  7.4580477e-001
  7.5271702e-001
  7.5862511e-001
  7.6357600e-001
  7.6763556e-001
  7.7088429e-001
  7.7341230e-001
  7.7531418e-001
  7.7668429e-001
  7.7761284e-001
  7.7818318e-001
  7.7846999e-001
  7.7853855e-001
  7.7844478e-001
  7.7823571e-001
  7.7795034e-001
  7.7762061e-001
  7.7727239e-001
  7.7692645e-001
  7.7659928e-001
  7.7630380e-001
  7.7605003e-001
  7.7584550e-001
  7.7569573e-001
  7.7560443e-001
  7.7557376e-001
  5.1117680e-001
  5.1169179e-001
  5.1324782e-001
  5.1587545e-001
  5.1961733e-001
  5.2451740e-001
  5.3060857e-001
  5.3790096e-001
  5.4637252e-001
  5.5596338e-001
  5.6657469e-001
  5.7807175e-001
  5.9029097e-001
  6.0304925e-001
  6.1615439e-001
  6.2941484e-001
  6.4264783e-001
  6.5568489e-001
  6.6837502e-001
  6.8058581e-001
  6.9220336e-001
  7.0313182e-001
  7.1329315e-001
  7.2262736e-001
  7.3109312e-001
  7.3866848e-001
  7.4535118e-001
  7.5115820e-001
  7.5612442e-001
  7.6030024e-001
  7.6374833e-001
  7.6653993e-001
  7.6875104e-001
  7.7045881e-001
  7.7173843e-001
  7.7266079e-001
  7.7329083e-001
  7.7368664e-001
  7.7389911e-001
  7.7397209e-001
  7.7394280e-001
  7.7384241e-001
  7.7369675e-001
  7.7352700e-001
  7.7335032e-001
  7.7318042e-001
  7.7302812e-001
  7.7290168e-001
  7.7280722e-001
  7.7274892e-001
  7.7272922e-001
  5.2413731e-001
  5.2463235e-001
  5.2612350e-001
  5.2862710e-001
  5.3216503e-001
  5.3675759e-001
  5.4241538e-001
  5.4913147e-001
  5.5687509e-001
  5.6558775e-001
  5.7518238e-001
  5.8554535e-001
  5.9654112e-001
  6.0801871e-001
  6.1981887e-001
  6.3178122e-001
  6.4375030e-001
  6.5558032e-001
  6.6713818e-001
  6.7830533e-001
  6.8897852e-001
  6.9907017e-001
  7.0850857e-001
  7.1723816e-001
  7.2521988e-001
  7.3243141e-001
  7.3886709e-001
  7.4453733e-001
  7.4946741e-001
  7.5369554e-001
  7.5727040e-001
  7.6024835e-001
  7.6269052e-001
  7.6465995e-001
  7.6621922e-001
  7.6742837e-001
  7.6834347e-001
  7.6901567e-001
  7.6949070e-001
  7.6980874e-001
  7.7000457e-001
  7.7010792e-001
  7.7014387e-001
  7.7013335e-001
  7.7009360e-001
  7.7003863e-001
  7.6997962e-001
  7.6992525e-001
  7.6988199e-001
  7.6985428e-001
  7.6984476e-001
  5.3611215e-001
  5.3658062e-001
  5.3798882e-001
  5.4034403e-001
  5.4365484e-001
  5.4792653e-001
  5.5315565e-001
  5.5932487e-001
  5.6639872e-001
  5.7432102e-001
  5.8301423e-001
  5.9238088e-001
  6.0230674e-001
  6.1266532e-001
  6.2332301e-001
  6.3414425e-001
  6.4499626e-001
  6.5575283e-001
  6.6629722e-001
  6.7652404e-001
  6.8634050e-001
  6.9566714e-001
  7.0443830e-001
  7.1260245e-001
  7.2012246e-001
  7.2697563e-001
  7.3315345e-001
  7.3866101e-001
  7.4351590e-001
  7.4774667e-001
  7.5139093e-001
  7.5449318e-001
  7.5710249e-001
  7.5927037e-001
  7.6104875e-001
  7.6248830e-001
  7.6363715e-001
  7.6453999e-001
  7.6523746e-001
  7.6576588e-001
  7.6615728e-001
  7.6643945e-001
  7.6663624e-001
  7.6676785e-001
  7.6685115e-001
  7.6690005e-001
  7.6692576e-001
  7.6693706e-001
  7.6694058e-001
  7.6694088e-001
  7.6694069e-001
  5.4715218e-001
  5.4759088e-001
  5.4890775e-001
  5.5110433e-001
  5.5418087e-001
  5.5813328e-001
  5.6294959e-001
  5.6860649e-001
  5.7506656e-001
  5.8227653e-001
  5.9016691e-001
  5.9865304e-001
  6.0763728e-001
  6.1701226e-001
  6.2666461e-001
  6.3647883e-001
  6.4634090e-001
  6.5614141e-001
  6.6577807e-001
  6.7515757e-001
  6.8419692e-001
  6.9282433e-001
  7.0097984e-001
  7.0861572e-001
  7.1569666e-001
  7.2219977e-001
  7.2811429e-001
  7.3344106e-001
  7.3819154e-001
  7.4238661e-001
  7.4605502e-001
  7.4923171e-001
  7.5195600e-001
  7.5426984e-001
  7.5621621e-001
  7.5783772e-001
  7.5917548e-001
  7.6026823e-001
  7.6115178e-001
  7.6185865e-001
  7.6241790e-001
  7.6285515e-001
  7.6319269e-001
  7.6344965e-001
  7.6364222e-001
  7.6378387e-001
  7.6388557e-001
  7.6395600e-001
  7.6400175e-001
  7.6402739e-001
  7.6403563e-001
  5.5731548e-001
  5.5772340e-001
  5.5894666e-001
  5.6098327e-001
  5.6382837e-001
  5.6747228e-001
  5.7189810e-001
  5.7707951e-001
  5.8297893e-001
  5.8954640e-001
  5.9671944e-001
  6.0442377e-001
  6.1257505e-001
  6.2108113e-001
  6.2984490e-001
  6.3876718e-001
  6.4774954e-001
  6.5669689e-001
  6.6551956e-001
  6.7413503e-001
  6.8246924e-001
  6.9045750e-001
  6.9804518e-001
  7.0518810e-001
  7.1185278e-001
  7.1801639e-001
  7.2366649e-001
  7.2880057e-001
  7.3342524e-001
  7.3755526e-001
  7.4121229e-001
  7.4442352e-001
  7.4722028e-001
  7.4963663e-001
  7.5170800e-001
  7.5347008e-001
  7.5495780e-001
  7.5620455e-001
  7.5724163e-001
  7.5809788e-001
  7.5879939e-001
  7.5936950e-001
  7.5982874e-001
  7.6019495e-001
  7.6048339e-001
  7.6070687e-001
  7.6087594e-001
  7.6099898e-001
  7.6108240e-001
  7.6113068e-001
  7.6114648e-001
  5.6666271e-001
  5.6704018e-001
  5.6817136e-001
  5.7005213e-001
  5.7267468e-001
  5.7602616e-001
  5.8008717e-001
  5.8483030e-001
  5.9021895e-001
  5.9620669e-001
  6.0273721e-001
  6.0974494e-001
  6.1715634e-001
  6.2489165e-001
  6.3286698e-001
  6.4099658e-001
  6.4919507e-001
  6.5737948e-001
  6.6547110e-001
  6.7339692e-001
  6.8109088e-001
  6.8849476e-001
  6.9555884e-001
  7.0224231e-001
  7.0851348e-001
  7.1434984e-001
  7.1973778e-001
  7.2467221e-001
  7.2915592e-001
  7.3319878e-001
  7.3681672e-001
  7.4003068e-001
  7.4286542e-001
  7.4534844e-001
  7.4750881e-001
  7.4937628e-001
  7.5098037e-001
  7.5234969e-001
  7.5351141e-001
  7.5449089e-001
  7.5531135e-001
  7.5599380e-001
  7.5655695e-001
  7.5701721e-001
  7.5738875e-001
  7.5768358e-001
  7.5791165e-001
  7.5808096e-001
  7.5819759e-001
  7.5826587e-001
  7.5828834e-001
  5.7525421e-001
  5.7560240e-001
  5.7664526e-001
  5.7837756e-001
  5.8078987e-001
  5.8386781e-001
  5.8759101e-001
  5.9193220e-001
  5.9685650e-001
  6.0232105e-001
  6.0827504e-001
  6.1466032e-001
  6.2141234e-001
  6.2846152e-001
  6.3573492e-001
  6.4315794e-001
  6.5065611e-001
  6.5815682e-001
  6.6559077e-001
  6.7289330e-001
  6.8000546e-001
  6.8687483e-001
  6.9345619e-001
  6.9971187e-001
  7.0561201e-001
  7.1113458e-001
  7.1626523e-001
  7.2099693e-001
  7.2532949e-001
  7.2926888e-001
  7.3282642e-001
  7.3601795e-001
  7.3886283e-001
  7.4138308e-001
  7.4360244e-001
  7.4554554e-001
  7.4723720e-001
  7.4870179e-001
  7.4996274e-001
  7.5104215e-001
  7.5196054e-001
  7.5273664e-001
  7.5338731e-001
  7.5392747e-001
  7.5437013e-001
  7.5472639e-001
  7.5500552e-001
  7.5521499e-001
  7.5536056e-001
  7.5544629e-001
  7.5547459e-001
  5.8314828e-001
  5.8346878e-001
  5.8442839e-001
  5.8602131e-001
  5.8823745e-001
  5.9106188e-001
  5.9447428e-001
  5.9844828e-001
  6.0295113e-001
  6.0794345e-001
  6.1337942e-001
  6.1920726e-001
  6.2537002e-001
  6.3180665e-001
  6.3845331e-001
  6.4524476e-001
  6.5211576e-001
  6.5900250e-001
  6.6584380e-001
  6.7258226e-001
  6.7916522e-001
  6.8554547e-001
  6.9168184e-001
  6.9753960e-001
  7.0309068e-001
  7.0831370e-001
  7.1319391e-001
  7.1772286e-001
  7.2189804e-001
  7.2572232e-001
  7.2920333e-001
  7.3235272e-001
  7.3518543e-001
  7.3771891e-001
  7.3997237e-001
  7.4196609e-001
  7.4372078e-001
  7.4525708e-001
  7.4659505e-001
  7.4775383e-001
  7.4875138e-001
  7.4960427e-001
  7.5032753e-001
  7.5093461e-001
  7.5143729e-001
  7.5184574e-001
  7.5216846e-001
  7.5241238e-001
  7.5258283e-001
  7.5268359e-001
  7.5271692e-001
  5.9040011e-001
  5.9069477e-001
  5.9157681e-001
  5.9304026e-001
  5.9507490e-001
  5.9766597e-001
  6.0079376e-001
  6.0443329e-001
  6.0855409e-001
  6.1312016e-001
  6.1809018e-001
  6.2341790e-001
  6.2905287e-001
  6.3494126e-001
  6.4102692e-001
  6.4725250e-001
  6.5356059e-001
  6.5989489e-001
  6.6620124e-001
  6.7242858e-001
  6.7852974e-001
  6.8446215e-001
  6.9018833e-001
  6.9567626e-001
  7.0089961e-001
  7.0583778e-001
  7.1047584e-001
  7.1480438e-001
  7.1881908e-001
  7.2252039e-001
  7.2591295e-001
  7.2900501e-001
  7.3180785e-001
  7.3433511e-001
  7.3660218e-001
  7.3862560e-001
  7.4042257e-001
  7.4201040e-001
  7.4340614e-001
  7.4462627e-001
  7.4568638e-001
  7.4660099e-001
  7.4738339e-001
  7.4804558e-001
  7.4859815e-001
  7.4905027e-001
  7.4940969e-001
  7.4968273e-001
  7.4987427e-001
  7.4998781e-001
  7.5002542e-001
  5.9706131e-001
  5.9733208e-001
  5.9814243e-001
  5.9948648e-001
  6.0135427e-001
  6.0373157e-001
  6.0659966e-001
  6.0993516e-001
  6.1370997e-001
  6.1789127e-001
  6.2244179e-001
  6.2732016e-001
  6.3248153e-001
  6.3787821e-001
  6.4346061e-001
  6.4917809e-001
  6.5497993e-001
  6.6081628e-001
  6.6663902e-001
  6.7240260e-001
  6.7806472e-001
  6.8358689e-001
  6.8893498e-001
  6.9407945e-001
  6.9899563e-001
  7.0366378e-001
  7.0806904e-001
  7.1220130e-001
  7.1605492e-001
  7.1962843e-001
  7.2292406e-001
  7.2594732e-001
  7.2870644e-001
  7.3121188e-001
  7.3347582e-001
  7.3551162e-001
  7.3733340e-001
  7.3895558e-001
  7.4039256e-001
  7.4165838e-001
  7.4276647e-001
  7.4372946e-001
  7.4455901e-001
  7.4526570e-001
  7.4585897e-001
  7.4634702e-001
  7.4673683e-001
  7.4703409e-001
  7.4724326e-001
  7.4736749e-001
  7.4740869e-001
  6.0317970e-001
  6.0342849e-001
  6.0417299e-001
  6.0540754e-001
  6.0712264e-001
  6.0930482e-001
  6.1193655e-001
  6.1499615e-001
  6.1845784e-001
  6.2229178e-001
  6.2646435e-001
  6.3093850e-001
  6.3567420e-001
  6.4062910e-001
  6.4575920e-001
  6.5101961e-001
  6.5636536e-001
  6.6175214e-001
  6.6713707e-001
  6.7247940e-001
  6.7774108e-001
  6.8288729e-001
  6.8788687e-001
  6.9271258e-001
  6.9734133e-001
  7.0175427e-001
  7.0593675e-001
  7.0987824e-001
  7.1357213e-001
  7.1701543e-001
  7.2020847e-001
  7.2315450e-001
  7.2585926e-001
  7.2833056e-001
  7.3057785e-001
  7.3261177e-001
  7.3444380e-001
  7.3608584e-001
  7.3754993e-001
  7.3884793e-001
  7.3999133e-001
  7.4099100e-001
  7.4185708e-001
  7.4259885e-001
  7.4322459e-001
  7.4374160e-001
  7.4415608e-001
  7.4447314e-001
  7.4469676e-001
  7.4482978e-001
  7.4487394e-001
  6.0879926e-001
  6.0902794e-001
  6.0971222e-001
  6.1084674e-001
  6.1242258e-001
  6.1442714e-001
  6.1684417e-001
  6.1965370e-001
  6.2283217e-001
  6.2635250e-001
  6.3018436e-001
  6.3429449e-001
  6.3864711e-001
  6.4320448e-001
  6.4792743e-001
  6.5277603e-001
  6.5771024e-001
  6.6269055e-001
  6.6767864e-001
  6.7263793e-001
  6.7753413e-001
  6.8233566e-001
  6.8701402e-001
  6.9154409e-001
  6.9590427e-001
  7.0007659e-001
  7.0404676e-001
  7.0780402e-001
  7.1134103e-001
  7.1465367e-001
  7.1774073e-001
  7.2060364e-001
  7.2324608e-001
  7.2567365e-001
  7.2789350e-001
  7.2991396e-001
  7.3174423e-001
  7.3339400e-001
  7.3487324e-001
  7.3619189e-001
  7.3735966e-001
  7.3838584e-001
  7.3927916e-001
  7.4004766e-001
  7.4069859e-001
  7.4123834e-001
  7.4167239e-001
  7.4200524e-001
  7.4224046e-001
  7.4238057e-001
  7.4242710e-001
  6.1396028e-001
  6.1417062e-001
  6.1479999e-001
  6.1584341e-001
  6.1729255e-001
  6.1913576e-001
  6.2135806e-001
  6.2394114e-001
  6.2686353e-001
  6.3010069e-001
  6.3362525e-001
  6.3740730e-001
  6.4141482e-001
  6.4561403e-001
  6.4996998e-001
  6.5444703e-001
  6.5900940e-001
  6.6362177e-001
  6.6824977e-001
  6.7286047e-001
  6.7742289e-001
  6.8190831e-001
  6.8629066e-001
  6.9054671e-001
  6.9465627e-001
  6.9860228e-001
  7.0237083e-001
  7.0595110e-001
  7.0933528e-001
  7.1251835e-001
  7.1549791e-001
  7.1827389e-001
  7.2084828e-001
  7.2322485e-001
  7.2540881e-001
  7.2740653e-001
  7.2922522e-001
  7.3087269e-001
  7.3235707e-001
  7.3368659e-001
  7.3486938e-001
  7.3591330e-001
  7.3682579e-001
  7.3761376e-001
  7.3828347e-001
  7.3884047e-001
  7.3928954e-001
  7.3963466e-001
  7.3987893e-001
  7.4002459e-001
  7.4007300e-001
  6.1869950e-001
  6.1889316e-001
  6.1947261e-001
  6.2043323e-001
  6.2176734e-001
  6.2346421e-001
  6.2551008e-001
  6.2788826e-001
  6.3057919e-001
  6.3356064e-001
  6.3680791e-001
  6.4029409e-001
  6.4399041e-001
  6.4786662e-001
  6.5189140e-001
  6.5603284e-001
  6.6025890e-001
  6.6453787e-001
  6.6883883e-001
  6.7313208e-001
  6.7738952e-001
  6.8158501e-001
  6.8569462e-001
  6.8969687e-001
  6.9357288e-001
  6.9730646e-001
  7.0088417e-001
  7.0429523e-001
  7.0753151e-001
  7.1058734e-001
  7.1345935e-001
  7.1614630e-001
  7.1864879e-001
  7.2096905e-001
  7.2311066e-001
  7.2507831e-001
  7.2687754e-001
  7.2851449e-001
  7.2999571e-001
  7.3132792e-001
  7.3251783e-001
  7.3357201e-001
  7.3449674e-001
  7.3529788e-001
  7.3598079e-001
  7.3655024e-001
  7.3701038e-001
  7.3736463e-001
  7.3761571e-001
  7.3776558e-001
  7.3781540e-001
  6.2305038e-001
  6.2322890e-001
  6.2376303e-001
  6.2464854e-001
  6.2587836e-001
  6.2744266e-001
  6.2932885e-001
  6.3152171e-001
  6.3400349e-001
  6.3675403e-001
  6.3975103e-001
  6.4297023e-001
  6.4638576e-001
  6.4997042e-001
  6.5369611e-001
  6.5753416e-001
  6.6145576e-001
  6.6543239e-001
  6.6943614e-001
  6.7344014e-001
  6.7741885e-001
  6.8134841e-001
  6.8520681e-001
  6.8897417e-001
  6.9263283e-001
  6.9616744e-001
  6.9956503e-001
  7.0281498e-001
  7.0590897e-001
  7.0884084e-001
  7.1160649e-001
  7.1420372e-001
  7.1663199e-001
  7.1889225e-001
  7.2098674e-001
  7.2291871e-001
  7.2469225e-001
  7.2631210e-001
  7.2778338e-001
  7.2911149e-001
  7.3030191e-001
  7.3136004e-001
  7.3229111e-001
  7.3310003e-001
  7.3379134e-001
  7.3436911e-001
  7.3483685e-001
  7.3519752e-001
  7.3545346e-001
  7.3560634e-001
  7.3565718e-001
  6.2704328e-001
  6.2720807e-001
  6.2770114e-001
  6.2851861e-001
  6.2965400e-001
  6.3109832e-001
  6.3284009e-001
  6.3486545e-001
  6.3715828e-001
  6.3970032e-001
  6.4247140e-001
  6.4544962e-001
  6.4861165e-001
  6.5193302e-001
  6.5538841e-001
  6.5895200e-001
  6.6259783e-001
  6.6630013e-001
  6.7003366e-001
  6.7377403e-001
  6.7749799e-001
  6.8118366e-001
  6.8481081e-001
  6.8836097e-001
  6.9181761e-001
  6.9516621e-001
  6.9839430e-001
  7.0149144e-001
  7.0444923e-001
  7.0726118e-001
  7.0992262e-001
  7.1243058e-001
  7.1478361e-001
  7.1698159e-001
  7.1902562e-001
  7.2091774e-001
  7.2266082e-001
  7.2425834e-001
  7.2571424e-001
  7.2703273e-001
  7.2821820e-001
  7.2927503e-001
  7.3020748e-001
  7.3101964e-001
  7.3171527e-001
  7.3229780e-001
  7.3277018e-001
  7.3313493e-001
  7.3339403e-001
  7.3354890e-001
  7.3360043e-001
  6.3070572e-001
  6.3085809e-001
  6.3131401e-001
  6.3206991e-001
  6.3311989e-001
  6.3445573e-001
  6.3606698e-001
  6.3794102e-001
  6.4006322e-001
  6.4241701e-001
  6.4498414e-001
  6.4774480e-001
  6.5067794e-001
  6.5376144e-001
  6.5697245e-001
  6.6028766e-001
  6.6368359e-001
  6.6713692e-001
  6.7062472e-001
  6.7412481e-001
  6.7761594e-001
  6.8107804e-001
  6.8449243e-001
  6.8784196e-001
  6.9111113e-001
  6.9428619e-001
  6.9735518e-001
  7.0030789e-001
  7.0313593e-001
  7.0583258e-001
  7.0839274e-001
  7.1081284e-001
  7.1309065e-001
  7.1522523e-001
  7.1721667e-001
  7.1906602e-001
  7.2077509e-001
  7.2234630e-001
  7.2378254e-001
  7.2508701e-001
  7.2626311e-001
  7.2731431e-001
  7.2824406e-001
  7.2905564e-001
  7.2975217e-001
  7.3033646e-001
  7.3081098e-001
  7.3117781e-001
  7.3143863e-001
  7.3159463e-001
  7.3164655e-001
  6.3406263e-001
  6.3420377e-001
  6.3462610e-001
  6.3532636e-001
  6.3629916e-001
  6.3753701e-001
  6.3903039e-001
  6.4076781e-001
  6.4273597e-001
  6.4491986e-001
  6.4730290e-001
  6.4986717e-001
  6.5259361e-001
  6.5546219e-001
  6.5845225e-001
  6.6154265e-001
  6.6471212e-001
  6.6793946e-001
  6.7120383e-001
  6.7448496e-001
  6.7776338e-001
  6.8102065e-001
  6.8423947e-001
  6.8740388e-001
  6.9049936e-001
  6.9351286e-001
  6.9643291e-001
  6.9924960e-001
  7.0195457e-001
  7.0454098e-001
  7.0700340e-001
  7.0933778e-001
  7.1154131e-001
  7.1361230e-001
  7.1555006e-001
  7.1735478e-001
  7.1902737e-001
  7.2056934e-001
  7.2198267e-001
  7.2326967e-001
  7.2443290e-001
  7.2547502e-001
  7.2639871e-001
  7.2720661e-001
  7.2790120e-001
  7.2848476e-001
  7.2895931e-001
  7.2932656e-001
  7.2958788e-001
  7.2974427e-001
  7.2979633e-001
  6.3713654e-001
  6.3726754e-001
  6.3765954e-001
  6.3830957e-001
  6.3921271e-001
  6.4036212e-001
  6.4174913e-001
  6.4336329e-001
  6.4519249e-001
  6.4722309e-001
  6.4944004e-001
  6.5182708e-001
  6.5436689e-001
  6.5704134e-001
  6.5983163e-001
  6.6271860e-001
  6.6568288e-001
  6.6870518e-001
  6.7176645e-001
  6.7484814e-001
  6.7793238e-001
  6.8100214e-001
  6.8404140e-001
  6.8703526e-001
  6.8997008e-001
  6.9283350e-001
  6.9561452e-001
  6.9830353e-001
  7.0089227e-001
  7.0337381e-001
  7.0574251e-001
  7.0799396e-001
  7.1012484e-001
  7.1213288e-001
  7.1401674e-001
  7.1577588e-001
  7.1741043e-001
  7.1892114e-001
  7.2030920e-001
  7.2157616e-001
  7.2272381e-001
  7.2375412e-001
  7.2466912e-001
  7.2547082e-001
  7.2616117e-001
  7.2674197e-001
  7.2721483e-001
  7.2758112e-001
  7.2784194e-001
  7.2799810e-001
  7.2805010e-001
  6.3994779e-001
  6.4006964e-001
  6.4043429e-001
  6.4103903e-001
  6.4187936e-001
  6.4294904e-001
  6.4424017e-001
  6.4574321e-001
  6.4744715e-001
  6.4933955e-001
  6.5140674e-001
  6.5363392e-001
  6.5600534e-001
  6.5850449e-001
  6.6111429e-001
  6.6381725e-001
  6.6659573e-001
  6.6943208e-001
  6.7230887e-001
  6.7520906e-001
  6.7811619e-001
  6.8101451e-001
  6.8388913e-001
  6.8672612e-001
  6.8951265e-001
  6.9223699e-001
  6.9488861e-001
  6.9745818e-001
  6.9993759e-001
  7.0231988e-001
  7.0459927e-001
  7.0677104e-001
  7.0883151e-001
  7.1077792e-001
  7.1260838e-001
  7.1432174e-001
  7.1591749e-001
  7.1739571e-001
  7.1875692e-001
  7.2000199e-001
  7.2113208e-001
  7.2214853e-001
  7.2305279e-001
  7.2384634e-001
  7.2453063e-001
  7.2510705e-001
  7.2557682e-001
  7.2594104e-001
  7.2620055e-001
  7.2635599e-001
  7.2640777e-001
  6.4251472e-001
  6.4262834e-001
  6.4296837e-001
  6.4353232e-001
  6.4431609e-001
  6.4531399e-001
  6.4651878e-001
  6.4792177e-001
  6.4951291e-001
  6.5128086e-001
  6.5321314e-001
  6.5529626e-001
  6.5751586e-001
  6.5985688e-001
  6.6230372e-001
  6.6484040e-001
  6.6745077e-001
  6.7011867e-001
  6.7282807e-001
  6.7556329e-001
  6.7830911e-001
  6.8105092e-001
  6.8377484e-001
  6.8646784e-001
  6.8911780e-001
  6.9171360e-001
  6.9424514e-001
  6.9670340e-001
  6.9908040e-001
  7.0136922e-001
  7.0356398e-001
  7.0565974e-001
  7.0765252e-001
  7.0953917e-001
  7.1131734e-001
  7.1298538e-001
  7.1454224e-001
  7.1598742e-001
  7.1732086e-001
  7.1854287e-001
  7.1965403e-001
  7.2065515e-001
  7.2154716e-001
  7.2233107e-001
  7.2300792e-001
  7.2357870e-001
  7.2404432e-001
  7.2440558e-001
  7.2466313e-001
  7.2481747e-001
  7.2486888e-001
  6.4485387e-001
  6.4496008e-001
  6.4527797e-001
  6.4580526e-001
  6.4653819e-001
  6.4747155e-001
  6.4859872e-001
  6.4991177e-001
  6.5140148e-001
  6.5305750e-001
  6.5486841e-001
  6.5682189e-001
  6.5890479e-001
  6.6110334e-001
  6.6340324e-001
  6.6578985e-001
  6.6824835e-001
  6.7076386e-001
  6.7332162e-001
  6.7590713e-001
  6.7850629e-001
  6.8110549e-001
  6.8369179e-001
  6.8625292e-001
  6.8877746e-001
  6.9125482e-001
  6.9367533e-001
  6.9603023e-001
  6.9831173e-001
  7.0051297e-001
  7.0262798e-001
  7.0465171e-001
  7.0657991e-001
  7.0840913e-001
  7.1013665e-001
  7.1176037e-001
  7.1327882e-001
  7.1469099e-001
  7.1599633e-001
  7.1719466e-001
  7.1828607e-001
  7.1927090e-001
  7.2014963e-001
  7.2092287e-001
  7.2159126e-001
  7.2215547e-001
  7.2261612e-001
  7.2297377e-001
  7.2322888e-001
  7.2338181e-001
  7.2343276e-001
  6.4698007e-001
  6.4707965e-001
  6.4737767e-001
  6.4787207e-001
  6.4855939e-001
  6.4943485e-001
  6.5049238e-001
  6.5172471e-001
  6.5312339e-001
  6.5467892e-001
  6.5638085e-001
  6.5821786e-001
  6.6017790e-001
  6.6224832e-001
  6.6441597e-001
  6.6666741e-001
  6.6898895e-001
  6.7136688e-001
  6.7378754e-001
  6.7623750e-001
  6.7870362e-001
  6.8117322e-001
  6.8363416e-001
  6.8607490e-001
  6.8848461e-001
  6.9085321e-001
  6.9317142e-001
  6.9543077e-001
  6.9762364e-001
  6.9974323e-001
  7.0178356e-001
  7.0373946e-001
  7.0560652e-001
  7.0738102e-001
  7.0905993e-001
  7.1064082e-001
  7.1212181e-001
  7.1350150e-001
  7.1477891e-001
  7.1595344e-001
  7.1702475e-001
  7.1799277e-001
  7.1885761e-001
  7.1961951e-001
  7.2027877e-001
  7.2083577e-001
  7.2129088e-001
  7.2164445e-001
  7.2189677e-001
  7.2204807e-001
  7.2209849e-001
  6.4890666e-001
  6.4900030e-001
  6.4928055e-001
  6.4974552e-001
  6.5039202e-001
  6.5121566e-001
  6.5221087e-001
  6.5337094e-001
  6.5468812e-001
  6.5615367e-001
  6.5775797e-001
  6.5949061e-001
  6.6134049e-001
  6.6329594e-001
  6.6534487e-001
  6.6747483e-001
  6.6967319e-001
  6.7192724e-001
  6.7422429e-001
  6.7655185e-001
  6.7889765e-001
  6.8124983e-001
  6.8359696e-001
  6.8592815e-001
  6.8823313e-001
  6.9050227e-001
  6.9272665e-001
  6.9489808e-001
  6.9700910e-001
  6.9905300e-001
  7.0102382e-001
  7.0291631e-001
  7.0472590e-001
  7.0644870e-001
  7.0808142e-001
  7.0962134e-001
  7.1106625e-001
  7.1241441e-001
  7.1366449e-001
  7.1481550e-001
  7.1586678e-001
  7.1681788e-001
  7.1766857e-001
  7.1841878e-001
  7.1906854e-001
  7.1961796e-001
  7.2006718e-001
  7.2041636e-001
  7.2066566e-001
  7.2081518e-001
  7.2086501e-001
  6.5064556e-001
  6.5073390e-001
  6.5099830e-001
  6.5143701e-001
  6.5204711e-001
  6.5282453e-001
  6.5376413e-001
  6.5485974e-001
  6.5610418e-001
  6.5748941e-001
  6.5900653e-001
  6.6064592e-001
  6.6239734e-001
  6.6424999e-001
  6.6619267e-001
  6.6821384e-001
  6.7030177e-001
  6.7244464e-001
  6.7463063e-001
  6.7684807e-001
  6.7908546e-001
  6.8133166e-001
  6.8357589e-001
  6.8580784e-001
  6.8801772e-001
  6.9019633e-001
  6.9233509e-001
  6.9442605e-001
  6.9646192e-001
  6.9843610e-001
  7.0034265e-001
  7.0217626e-001
  7.0393229e-001
  7.0560666e-001
  7.0719589e-001
  7.0869701e-001
  7.1010757e-001
  7.1142552e-001
  7.1264922e-001
  7.1377740e-001
  7.1480905e-001
  7.1574344e-001
  7.1658005e-001
  7.1731854e-001
  7.1795868e-001
  7.1850035e-001
  7.1894351e-001
  7.1928815e-001
  7.1953429e-001
  7.1968197e-001
  7.1973119e-001
  6.5220740e-001
  6.5229103e-001
  6.5254136e-001
  6.5295675e-001
  6.5353451e-001
  6.5427087e-001
  6.5516107e-001
  6.5619939e-001
  6.5737919e-001
  6.5869300e-001
  6.6013259e-001
  6.6168904e-001
  6.6335282e-001
  6.6511391e-001
  6.6696190e-001
  6.6888604e-001
  6.7087541e-001
  6.7291895e-001
  6.7500561e-001
  6.7712443e-001
  6.7926461e-001
  6.8141563e-001
  6.8356728e-001
  6.8570978e-001
  6.8783379e-001
  6.8993047e-001
  6.9199155e-001
  6.9400932e-001
  6.9597666e-001
  6.9788706e-001
  6.9973462e-001
  7.0151401e-001
  7.0322051e-001
  7.0484993e-001
  7.0639861e-001
  7.0786341e-001
  7.0924163e-001
  7.1053098e-001
  7.1172959e-001
  7.1283589e-001
  7.1384864e-001
  7.1476684e-001
  7.1558971e-001
  7.1631667e-001
  7.1694730e-001
  7.1748126e-001
  7.1791836e-001
  7.1825843e-001
  7.1850140e-001
  7.1864720e-001
  7.1869580e-001
  6.5360162e-001
  6.5368109e-001
  6.5391898e-001
  6.5431378e-001
  6.5486297e-001
  6.5556305e-001
  6.5640960e-001
  6.5739728e-001
  6.5851993e-001
  6.5977060e-001
  6.6114160e-001
  6.6262464e-001
  6.6421084e-001
  6.6589084e-001
  6.6765491e-001
  6.6949300e-001
  6.7139487e-001
  6.7335017e-001
  6.7534849e-001
  6.7737950e-001
  6.7943303e-001
  6.8149909e-001
  6.8356799e-001
  6.8563039e-001
  6.8767736e-001
  6.8970041e-001
  6.9169152e-001
  6.9364322e-001
  6.9554854e-001
  6.9740107e-001
  6.9919495e-001
  7.0092485e-001
  7.0258599e-001
  7.0417410e-001
  7.0568538e-001
  7.0711653e-001
  7.0846467e-001
  7.0972732e-001
  7.1090236e-001
  7.1198804e-001
  7.1298286e-001
  7.1388562e-001
  7.1469532e-001
  7.1541119e-001
  7.1603260e-001
  7.1655907e-001
  7.1699024e-001
  7.1732584e-001
  7.1756568e-001
  7.1770963e-001
  7.1775762e-001
  6.5483657e-001
  6.5491239e-001
  6.5513937e-001
  6.5551610e-001
  6.5604022e-001
  6.5670847e-001
  6.5751670e-001
  6.5845994e-001
  6.5953242e-001
  6.6072763e-001
  6.6203840e-001
  6.6345693e-001
  6.6497493e-001
  6.6658360e-001
  6.6827382e-001
  6.7003613e-001
  6.7186091e-001
  6.7373837e-001
  6.7565871e-001
  6.7761215e-001
  6.7958902e-001
  6.8157982e-001
  6.8357533e-001
  6.8556659e-001
  6.8754502e-001
  6.8950244e-001
  6.9143109e-001
  6.9332367e-001
  6.9517338e-001
  6.9697391e-001
  6.9871942e-001
  7.0040462e-001
  7.0202467e-001
  7.0357524e-001
  7.0505243e-001
  7.0645280e-001
  7.0777333e-001
  7.0901136e-001
  7.1016461e-001
  7.1123112e-001
  7.1220922e-001
  7.1309751e-001
  7.1389483e-001
  7.1460021e-001
  7.1521289e-001
  7.1573222e-001
  7.1615773e-001
  7.1648904e-001
  7.1672587e-001
  7.1686804e-001
  7.1691544e-001
  6.5591956e-001
  6.5599221e-001
  6.5620971e-001
  6.5657072e-001
  6.5707305e-001
  6.5771361e-001
  6.5848853e-001
  6.5939312e-001
  6.6042195e-001
  6.6156891e-001
  6.6282724e-001
  6.6418962e-001
  6.6564821e-001
  6.6719473e-001
  6.6882056e-001
  6.7051677e-001
  6.7227425e-001
  6.7408372e-001
  6.7593588e-001
  6.7782143e-001
  6.7973114e-001
  6.8165596e-001
  6.8358702e-001
  6.8551575e-001
  6.8743384e-001
  6.8933340e-001
  6.9120688e-001
  6.9304717e-001
  6.9484759e-001
  6.9660192e-001
  6.9830438e-001
  6.9994969e-001
  7.0153300e-001
  7.0304990e-001
  7.0449643e-001
  7.0586905e-001
  7.0716460e-001
  7.0838029e-001
  7.0951369e-001
  7.1056269e-001
  7.1152547e-001
  7.1240045e-001
  7.1318633e-001
  7.1388200e-001
  7.1448655e-001
  7.1499923e-001
  7.1541944e-001
  7.1574673e-001
  7.1598074e-001
  7.1612124e-001
  7.1616809e-001
  6.5685695e-001
  6.5692688e-001
  6.5713623e-001
  6.5748376e-001
  6.5796736e-001
  6.5858415e-001
  6.5933044e-001
  6.6020181e-001
  6.6119314e-001
  6.6229862e-001
  6.6351187e-001
  6.6482595e-001
  6.6623343e-001
  6.6772645e-001
  6.6929684e-001
  6.7093610e-001
  6.7263556e-001
  6.7438639e-001
  6.7617970e-001
  6.7800659e-001
  6.7985824e-001
  6.8172594e-001
  6.8360117e-001
  6.8547564e-001
  6.8734134e-001
  6.8919058e-001
  6.9101601e-001
  6.9281069e-001
  6.9456804e-001
  6.9628194e-001
  6.9794666e-001
  6.9955692e-001
  7.0110787e-001
  7.0259507e-001
  7.0401449e-001
  7.0536249e-001
  7.0663583e-001
  7.0783162e-001
  7.0894728e-001
  7.0998059e-001
  7.1092958e-001
  7.1179257e-001
  7.1256811e-001
  7.1325497e-001
  7.1385213e-001
  7.1435875e-001
  7.1477413e-001
  7.1509773e-001
  7.1532916e-001
  7.1546813e-001
  7.1551447e-001
  6.5765421e-001
  6.5772183e-001
  6.5792431e-001
  6.5826044e-001
  6.5872823e-001
  6.5932492e-001
  6.6004703e-001
  6.6089034e-001
  6.6184996e-001
  6.6292039e-001
  6.6409552e-001
  6.6536874e-001
  6.6673298e-001
  6.6818073e-001
  6.6970417e-001
  6.7129519e-001
  6.7294548e-001
  6.7464658e-001
  6.7638994e-001
  6.7816703e-001
  6.7996934e-001
  6.8178847e-001
  6.8361617e-001
  6.8544442e-001
  6.8726542e-001
  6.8907168e-001
  6.9085604e-001
  6.9261166e-001
  6.9433209e-001
  6.9601127e-001
  6.9764354e-001
  6.9922361e-001
  7.0074664e-001
  7.0220815e-001
  7.0360408e-001
  7.0493072e-001
  7.0618474e-001
  7.0736316e-001
  7.0846333e-001
  7.0948289e-001
  7.1041978e-001
  7.1127221e-001
  7.1203862e-001
  7.1271770e-001
  7.1330832e-001
  7.1380955e-001
  7.1422063e-001
  7.1454096e-001
  7.1477008e-001
  7.1490768e-001
  7.1495357e-001
  6.5831595e-001
  6.5838168e-001
  6.5857848e-001
  6.5890520e-001
  6.5935994e-001
  6.5994006e-001
  6.6064220e-001
  6.6146234e-001
  6.6239579e-001
  6.6343726e-001
  6.6458091e-001
  6.6582039e-001
  6.6714890e-001
  6.6855923e-001
  6.7004385e-001
  6.7159497e-001
  6.7320457e-001
  6.7486449e-001
  6.7656649e-001
  6.7830230e-001
  6.8006368e-001
  6.8184249e-001
  6.8363071e-001
  6.8542053e-001
  6.8720434e-001
  6.8897482e-001
  6.9072492e-001
  6.9244795e-001
  6.9413753e-001
  6.9578767e-001
  6.9739273e-001
  6.9894748e-001
  7.0044705e-001
  7.0188695e-001
  7.0326307e-001
  7.0457167e-001
  7.0580936e-001
  7.0697307e-001
  7.0806007e-001
  7.0906794e-001
  7.0999452e-001
  7.1083793e-001
  7.1159654e-001
  7.1226895e-001
  7.1285395e-001
  7.1335055e-001
  7.1375792e-001
  7.1407543e-001
  7.1430256e-001
  7.1443898e-001
  7.1448448e-001
  6.5884598e-001
  6.5891019e-001
  6.5910247e-001
  6.5942169e-001
  6.5986603e-001
  6.6043293e-001
  6.6111916e-001
  6.6192083e-001
  6.6283341e-001
  6.6385179e-001
  6.6497033e-001
  6.6618289e-001
  6.6748288e-001
  6.6886334e-001
  6.7031697e-001
  6.7183622e-001
  6.7341331e-001
  6.7504031e-001
  6.7670923e-001
  6.7841202e-001
  6.8014064e-001
  6.8188716e-001
  6.8364374e-001
  6.8540274e-001
  6.8715670e-001
  6.8889843e-001
  6.9062101e-001
  6.9231780e-001
  6.9398254e-001
  6.9560926e-001
  6.9719238e-001
  6.9872666e-001
  7.0020725e-001
  7.0162964e-001
  7.0298971e-001
  7.0428366e-001
  7.0550805e-001
  7.0665979e-001
  7.0773606e-001
  7.0873437e-001
  7.0965251e-001
  7.1048854e-001
  7.1124074e-001
  7.1190766e-001
  7.1248804e-001
  7.1298082e-001
  7.1338515e-001
  7.1370032e-001
  7.1392581e-001
  7.1406126e-001
  7.1410643e-001
  6.5924733e-001
  6.5931040e-001
  6.5949926e-001
  6.5981283e-001
  6.6024932e-001
  6.6080625e-001
  6.6148048e-001
  6.6226821e-001
  6.6316504e-001
  6.6416600e-001
  6.6526559e-001
  6.6645782e-001
  6.6773628e-001
  6.6909418e-001
  6.7052441e-001
  6.7201957e-001
  6.7357209e-001
  6.7517422e-001
  6.7681812e-001
  6.7849592e-001
  6.8019975e-001
  6.8192181e-001
  6.8365443e-001
  6.8539007e-001
  6.8712139e-001
  6.8884131e-001
  6.9054297e-001
  6.9221984e-001
  6.9386568e-001
  6.9547458e-001
  6.9704097e-001
  6.9855966e-001
  7.0002576e-001
  7.0143478e-001
  7.0278257e-001
  7.0406531e-001
  7.0527952e-001
  7.0642206e-001
  7.0749009e-001
  7.0848106e-001
  7.0939271e-001
  7.1022304e-001
  7.1097030e-001
  7.1163298e-001
  7.1220979e-001
  7.1269962e-001
  7.1310158e-001
  7.1341494e-001
  7.1363916e-001
  7.1377385e-001
  7.1381877e-001
  6.5952229e-001
  6.5958459e-001
  6.5977111e-001
  6.6008082e-001
  6.6051195e-001
  6.6106207e-001
  6.6172809e-001
  6.6250630e-001
  6.6339237e-001
  6.6438142e-001
  6.6546805e-001
  6.6664639e-001
  6.6791014e-001
  6.6925262e-001
  6.7066683e-001
  6.7214553e-001
  6.7368124e-001
  6.7526634e-001
  6.7689312e-001
  6.7855381e-001
  6.8024066e-001
  6.8194597e-001
  6.8366216e-001
  6.8538178e-001
  6.8709758e-001
  6.8880252e-001
  6.9048984e-001
  6.9215302e-001
  6.9378587e-001
  6.9538251e-001
  6.9693741e-001
  6.9844535e-001
  6.9990147e-001
  7.0130128e-001
  7.0264059e-001
  7.0391559e-001
  7.0512277e-001
  7.0625895e-001
  7.0732127e-001
  7.0830715e-001
  7.0921430e-001
  7.1004068e-001
  7.1078451e-001
  7.1144425e-001
  7.1201857e-001
  7.1250635e-001
  7.1290666e-001
  7.1321877e-001
  7.1344210e-001
  7.1357625e-001
  7.1362100e-001
  6.5967243e-001
  6.5973430e-001
  6.5991956e-001
  6.6022716e-001
  6.6065536e-001
  6.6120177e-001
  6.6186333e-001
  6.6263634e-001
  6.6351654e-001
  6.6449910e-001
  6.6557867e-001
  6.6674944e-001
  6.6800516e-001
  6.6933922e-001
  6.7074471e-001
  6.7221442e-001
  6.7374096e-001
  6.7531677e-001
  6.7693420e-001
  6.7858556e-001
  6.8026314e-001
  6.8195930e-001
  6.8366652e-001
  6.8537739e-001
  6.8708471e-001
  6.8878147e-001
  6.9046093e-001
  6.9211663e-001
  6.9374237e-001
  6.9533231e-001
  6.9688091e-001
  6.9838297e-001
  6.9983363e-001
  7.0122838e-001
  7.0256305e-001
  7.0383379e-001
  7.0503711e-001
  7.0616980e-001
  7.0722899e-001
  7.0821207e-001
  7.0911674e-001
  7.0994095e-001
  7.1068289e-001
  7.1134101e-001
  7.1191396e-001
  7.1240061e-001
  7.1280001e-001
  7.1311142e-001
  7.1333426e-001
  7.1346813e-001
  7.1351277e-001
  6.5969860e-001
  6.5976039e-001
  6.5994543e-001
  6.6025266e-001
  6.6068036e-001
  6.6122612e-001
  6.6188690e-001
  6.6265901e-001
  6.6353819e-001
  6.6451962e-001
  6.6559795e-001
  6.6676740e-001
  6.6802172e-001
  6.6935432e-001
  6.7075829e-001
  6.7222643e-001
  6.7375137e-001
  6.7532557e-001
  6.7694137e-001
  6.7859110e-001
  6.8026706e-001
  6.8196163e-001
  6.8366729e-001
  6.8537664e-001
  6.8708247e-001
  6.8877781e-001
  6.9045590e-001
  6.9211029e-001
  6.9373480e-001
  6.9532357e-001
  6.9687106e-001
  6.9837210e-001
  6.9982180e-001
  7.0121567e-001
  7.0254953e-001
  7.0381954e-001
  7.0502218e-001
  7.0615426e-001
  7.0721290e-001
  7.0819550e-001
  7.0909973e-001
  7.0992356e-001
  7.1066517e-001
  7.1132301e-001
  7.1189572e-001
  7.1238216e-001
  7.1278141e-001
  7.1309270e-001
  7.1331545e-001
  7.1344927e-001
  7.1349390e-001
 -4.6319175e-002
 -7.2480532e-002
 -1.4788529e-002
 -7.1342629e-003
 -4.8662414e-003
 -4.4617272e-003
 -5.4938390e-003
 -9.9867580e-003
  3.3816264e-002
  1.3023723e-002
  9.6135078e-003
  8.7143661e-003
  8.7988107e-003
  9.7271896e-003
  1.1939439e-002
  1.7961098e-002
  5.1936665e-002
